Set seleccionado:    zoo
Porcentaje restrs.:  10
Algoritmo:           Búsqueda local
Número repeticiones: 5
Semilla:             1514280522468089

Datos cargados:
	Num. datos:         101
	Num. clusters:      7
	Dimensión:          16
	Num. restricciones: 486

REPETICIÓN i=0
	Iteraciones empleadas: 4561
	Desviación general:    0.5602198335368304
	Infeasibility:         24
	Func. objetivo:        0.6096025495862131
Solución obtenida: [4, 6, 5, 5, 3, 5, 3, 4, 3, 4, 5, 3, 5, 4, 4, 3, 3, 3, 4, 3, 3, 4, 3, 4, 3, 4, 3, 3, 4, 4, 4, 5, 4, 3, 0, 4, 3, 4, 5, 4, 5, 3, 5, 5, 3, 2, 4, 5, 3, 4, 5, 4, 5, 3, 3, 3, 5, 5, 5, 4, 5, 5, 5, 3, 4, 4, 3, 4, 1, 4, 5, 4, 3, 4, 4, 3, 5, 3, 4, 5, 4, 3, 5, 4, 4, 4, 4, 3, 4, 5, 4, 5, 4, 4, 4, 5, 4, 4, 5, 3, 5]
------ Tiempo empleado: 3.9671363830566406 s

REPETICIÓN i=1
	Iteraciones empleadas: 4561
	Desviación general:    0.5602198335368304
	Infeasibility:         24
	Func. objetivo:        0.6096025495862131
Solución obtenida: [4, 6, 5, 5, 3, 5, 3, 4, 3, 4, 5, 3, 5, 4, 4, 3, 3, 3, 4, 3, 3, 4, 3, 4, 3, 4, 3, 3, 4, 4, 4, 5, 4, 3, 0, 4, 3, 4, 5, 4, 5, 3, 5, 5, 3, 2, 4, 5, 3, 4, 5, 4, 5, 3, 3, 3, 5, 5, 5, 4, 5, 5, 5, 3, 4, 4, 3, 4, 1, 4, 5, 4, 3, 4, 4, 3, 5, 3, 4, 5, 4, 3, 5, 4, 4, 4, 4, 3, 4, 5, 4, 5, 4, 4, 4, 5, 4, 4, 5, 3, 5]
------ Tiempo empleado: 4.153696298599243 s

REPETICIÓN i=2
	Iteraciones empleadas: 4561
	Desviación general:    0.5602198335368304
	Infeasibility:         24
	Func. objetivo:        0.6096025495862131
Solución obtenida: [4, 6, 5, 5, 3, 5, 3, 4, 3, 4, 5, 3, 5, 4, 4, 3, 3, 3, 4, 3, 3, 4, 3, 4, 3, 4, 3, 3, 4, 4, 4, 5, 4, 3, 0, 4, 3, 4, 5, 4, 5, 3, 5, 5, 3, 2, 4, 5, 3, 4, 5, 4, 5, 3, 3, 3, 5, 5, 5, 4, 5, 5, 5, 3, 4, 4, 3, 4, 1, 4, 5, 4, 3, 4, 4, 3, 5, 3, 4, 5, 4, 3, 5, 4, 4, 4, 4, 3, 4, 5, 4, 5, 4, 4, 4, 5, 4, 4, 5, 3, 5]
------ Tiempo empleado: 4.231430768966675 s

REPETICIÓN i=3
	Iteraciones empleadas: 4561
	Desviación general:    0.5602198335368304
	Infeasibility:         24
	Func. objetivo:        0.6096025495862131
Solución obtenida: [4, 6, 5, 5, 3, 5, 3, 4, 3, 4, 5, 3, 5, 4, 4, 3, 3, 3, 4, 3, 3, 4, 3, 4, 3, 4, 3, 3, 4, 4, 4, 5, 4, 3, 0, 4, 3, 4, 5, 4, 5, 3, 5, 5, 3, 2, 4, 5, 3, 4, 5, 4, 5, 3, 3, 3, 5, 5, 5, 4, 5, 5, 5, 3, 4, 4, 3, 4, 1, 4, 5, 4, 3, 4, 4, 3, 5, 3, 4, 5, 4, 3, 5, 4, 4, 4, 4, 3, 4, 5, 4, 5, 4, 4, 4, 5, 4, 4, 5, 3, 5]
------ Tiempo empleado: 4.267584323883057 s

REPETICIÓN i=4
	Iteraciones empleadas: 4561
	Desviación general:    0.5602198335368304
	Infeasibility:         24
	Func. objetivo:        0.6096025495862131
Solución obtenida: [4, 6, 5, 5, 3, 5, 3, 4, 3, 4, 5, 3, 5, 4, 4, 3, 3, 3, 4, 3, 3, 4, 3, 4, 3, 4, 3, 3, 4, 4, 4, 5, 4, 3, 0, 4, 3, 4, 5, 4, 5, 3, 5, 5, 3, 2, 4, 5, 3, 4, 5, 4, 5, 3, 3, 3, 5, 5, 5, 4, 5, 5, 5, 3, 4, 4, 3, 4, 1, 4, 5, 4, 3, 4, 4, 3, 5, 3, 4, 5, 4, 3, 5, 4, 4, 4, 4, 3, 4, 5, 4, 5, 4, 4, 4, 5, 4, 4, 5, 3, 5]
------ Tiempo empleado: 4.430729627609253 s

REPETICIONES FINALIZADAS
------ Tiempo medio empleado: 4.2101154804229735 s

######################################

Set seleccionado:    zoo
Porcentaje restrs.:  20
Algoritmo:           Búsqueda local
Número repeticiones: 5
Semilla:             1514280522468089

Datos cargados:
	Num. datos:         101
	Num. clusters:      7
	Dimensión:          16
	Num. restricciones: 912

REPETICIÓN i=0
	Iteraciones empleadas: 3436
	Desviación general:    0.5859060077726632
	Infeasibility:         52
	Func. objetivo:        0.6429235516323123
Solución obtenida: [6, 6, 3, 1, 4, 1, 4, 6, 1, 6, 1, 0, 1, 6, 6, 4, 1, 4, 6, 4, 1, 6, 4, 6, 3, 1, 4, 3, 6, 6, 6, 1, 6, 4, 4, 6, 4, 6, 5, 6, 1, 3, 3, 1, 4, 6, 6, 3, 4, 6, 5, 6, 3, 4, 4, 1, 3, 1, 1, 6, 1, 1, 3, 4, 6, 6, 4, 6, 1, 6, 3, 6, 4, 6, 6, 3, 1, 4, 6, 1, 6, 1, 1, 6, 6, 6, 6, 3, 6, 3, 2, 1, 6, 6, 6, 1, 6, 6, 1, 4, 1]
------ Tiempo empleado: 3.44484543800354 s

REPETICIÓN i=1
	Iteraciones empleadas: 3436
	Desviación general:    0.5859060077726632
	Infeasibility:         52
	Func. objetivo:        0.6429235516323123
Solución obtenida: [6, 6, 3, 1, 4, 1, 4, 6, 1, 6, 1, 0, 1, 6, 6, 4, 1, 4, 6, 4, 1, 6, 4, 6, 3, 1, 4, 3, 6, 6, 6, 1, 6, 4, 4, 6, 4, 6, 5, 6, 1, 3, 3, 1, 4, 6, 6, 3, 4, 6, 5, 6, 3, 4, 4, 1, 3, 1, 1, 6, 1, 1, 3, 4, 6, 6, 4, 6, 1, 6, 3, 6, 4, 6, 6, 3, 1, 4, 6, 1, 6, 1, 1, 6, 6, 6, 6, 3, 6, 3, 2, 1, 6, 6, 6, 1, 6, 6, 1, 4, 1]
------ Tiempo empleado: 3.6081788539886475 s

REPETICIÓN i=2
	Iteraciones empleadas: 3436
	Desviación general:    0.5859060077726632
	Infeasibility:         52
	Func. objetivo:        0.6429235516323123
Solución obtenida: [6, 6, 3, 1, 4, 1, 4, 6, 1, 6, 1, 0, 1, 6, 6, 4, 1, 4, 6, 4, 1, 6, 4, 6, 3, 1, 4, 3, 6, 6, 6, 1, 6, 4, 4, 6, 4, 6, 5, 6, 1, 3, 3, 1, 4, 6, 6, 3, 4, 6, 5, 6, 3, 4, 4, 1, 3, 1, 1, 6, 1, 1, 3, 4, 6, 6, 4, 6, 1, 6, 3, 6, 4, 6, 6, 3, 1, 4, 6, 1, 6, 1, 1, 6, 6, 6, 6, 3, 6, 3, 2, 1, 6, 6, 6, 1, 6, 6, 1, 4, 1]
------ Tiempo empleado: 3.623718023300171 s

REPETICIÓN i=3
	Iteraciones empleadas: 3436
	Desviación general:    0.5859060077726632
	Infeasibility:         52
	Func. objetivo:        0.6429235516323123
Solución obtenida: [6, 6, 3, 1, 4, 1, 4, 6, 1, 6, 1, 0, 1, 6, 6, 4, 1, 4, 6, 4, 1, 6, 4, 6, 3, 1, 4, 3, 6, 6, 6, 1, 6, 4, 4, 6, 4, 6, 5, 6, 1, 3, 3, 1, 4, 6, 6, 3, 4, 6, 5, 6, 3, 4, 4, 1, 3, 1, 1, 6, 1, 1, 3, 4, 6, 6, 4, 6, 1, 6, 3, 6, 4, 6, 6, 3, 1, 4, 6, 1, 6, 1, 1, 6, 6, 6, 6, 3, 6, 3, 2, 1, 6, 6, 6, 1, 6, 6, 1, 4, 1]
------ Tiempo empleado: 3.5326309204101562 s

REPETICIÓN i=4
	Iteraciones empleadas: 3436
	Desviación general:    0.5859060077726632
	Infeasibility:         52
	Func. objetivo:        0.6429235516323123
Solución obtenida: [6, 6, 3, 1, 4, 1, 4, 6, 1, 6, 1, 0, 1, 6, 6, 4, 1, 4, 6, 4, 1, 6, 4, 6, 3, 1, 4, 3, 6, 6, 6, 1, 6, 4, 4, 6, 4, 6, 5, 6, 1, 3, 3, 1, 4, 6, 6, 3, 4, 6, 5, 6, 3, 4, 4, 1, 3, 1, 1, 6, 1, 1, 3, 4, 6, 6, 4, 6, 1, 6, 3, 6, 4, 6, 6, 3, 1, 4, 6, 1, 6, 1, 1, 6, 6, 6, 6, 3, 6, 3, 2, 1, 6, 6, 6, 1, 6, 6, 1, 4, 1]
------ Tiempo empleado: 3.4264895915985107 s

REPETICIONES FINALIZADAS
------ Tiempo medio empleado: 3.527172565460205 s

######################################

Set seleccionado:    glass
Porcentaje restrs.:  10
Algoritmo:           Búsqueda local
Número repeticiones: 5
Semilla:             1514280522468089

Datos cargados:
	Num. datos:         214
	Num. clusters:      7
	Dimensión:          9
	Num. restricciones: 2167

REPETICIÓN i=0
	Iteraciones empleadas: 8918
	Desviación general:    0.1872664646636895
	Infeasibility:         71
	Func. objetivo:        0.22003065478828573
Solución obtenida: [6, 3, 0, 6, 6, 0, 6, 0, 3, 6, 6, 3, 0, 3, 0, 6, 6, 3, 6, 0, 6, 6, 0, 6, 0, 6, 0, 0, 6, 0, 3, 3, 3, 3, 0, 6, 2, 6, 6, 0, 0, 6, 6, 3, 2, 6, 6, 3, 0, 6, 6, 0, 6, 3, 0, 2, 3, 0, 0, 0, 3, 0, 0, 6, 6, 6, 6, 6, 3, 0, 0, 6, 6, 3, 6, 3, 0, 3, 2, 3, 0, 6, 0, 6, 0, 0, 3, 2, 3, 0, 0, 6, 6, 6, 2, 2, 6, 6, 0, 2, 0, 0, 3, 6, 3, 0, 2, 3, 6, 2, 6, 0, 0, 3, 0, 3, 3, 6, 0, 6, 3, 6, 0, 0, 0, 3, 0, 6, 6, 3, 6, 6, 3, 6, 2, 2, 3, 3, 3, 0, 6, 6, 0, 3, 6, 0, 6, 6, 2, 3, 3, 3, 3, 6, 6, 0, 0, 6, 0, 2, 6, 6, 6, 3, 0, 0, 6, 3, 6, 6, 0, 0, 2, 6, 6, 6, 0, 3, 0, 6, 3, 0, 0, 0, 3, 0, 6, 0, 3, 0, 0, 2, 6, 3, 6, 0, 1, 0, 0, 5, 6, 0, 6, 3, 3, 3, 3, 6, 6, 0, 0, 4, 3, 0]
------ Tiempo empleado: 17.55748462677002 s

REPETICIÓN i=1
	Iteraciones empleadas: 8918
	Desviación general:    0.1872664646636895
	Infeasibility:         71
	Func. objetivo:        0.22003065478828573
Solución obtenida: [6, 3, 0, 6, 6, 0, 6, 0, 3, 6, 6, 3, 0, 3, 0, 6, 6, 3, 6, 0, 6, 6, 0, 6, 0, 6, 0, 0, 6, 0, 3, 3, 3, 3, 0, 6, 2, 6, 6, 0, 0, 6, 6, 3, 2, 6, 6, 3, 0, 6, 6, 0, 6, 3, 0, 2, 3, 0, 0, 0, 3, 0, 0, 6, 6, 6, 6, 6, 3, 0, 0, 6, 6, 3, 6, 3, 0, 3, 2, 3, 0, 6, 0, 6, 0, 0, 3, 2, 3, 0, 0, 6, 6, 6, 2, 2, 6, 6, 0, 2, 0, 0, 3, 6, 3, 0, 2, 3, 6, 2, 6, 0, 0, 3, 0, 3, 3, 6, 0, 6, 3, 6, 0, 0, 0, 3, 0, 6, 6, 3, 6, 6, 3, 6, 2, 2, 3, 3, 3, 0, 6, 6, 0, 3, 6, 0, 6, 6, 2, 3, 3, 3, 3, 6, 6, 0, 0, 6, 0, 2, 6, 6, 6, 3, 0, 0, 6, 3, 6, 6, 0, 0, 2, 6, 6, 6, 0, 3, 0, 6, 3, 0, 0, 0, 3, 0, 6, 0, 3, 0, 0, 2, 6, 3, 6, 0, 1, 0, 0, 5, 6, 0, 6, 3, 3, 3, 3, 6, 6, 0, 0, 4, 3, 0]
------ Tiempo empleado: 17.889315366744995 s

REPETICIÓN i=2
	Iteraciones empleadas: 8918
	Desviación general:    0.1872664646636895
	Infeasibility:         71
	Func. objetivo:        0.22003065478828573
Solución obtenida: [6, 3, 0, 6, 6, 0, 6, 0, 3, 6, 6, 3, 0, 3, 0, 6, 6, 3, 6, 0, 6, 6, 0, 6, 0, 6, 0, 0, 6, 0, 3, 3, 3, 3, 0, 6, 2, 6, 6, 0, 0, 6, 6, 3, 2, 6, 6, 3, 0, 6, 6, 0, 6, 3, 0, 2, 3, 0, 0, 0, 3, 0, 0, 6, 6, 6, 6, 6, 3, 0, 0, 6, 6, 3, 6, 3, 0, 3, 2, 3, 0, 6, 0, 6, 0, 0, 3, 2, 3, 0, 0, 6, 6, 6, 2, 2, 6, 6, 0, 2, 0, 0, 3, 6, 3, 0, 2, 3, 6, 2, 6, 0, 0, 3, 0, 3, 3, 6, 0, 6, 3, 6, 0, 0, 0, 3, 0, 6, 6, 3, 6, 6, 3, 6, 2, 2, 3, 3, 3, 0, 6, 6, 0, 3, 6, 0, 6, 6, 2, 3, 3, 3, 3, 6, 6, 0, 0, 6, 0, 2, 6, 6, 6, 3, 0, 0, 6, 3, 6, 6, 0, 0, 2, 6, 6, 6, 0, 3, 0, 6, 3, 0, 0, 0, 3, 0, 6, 0, 3, 0, 0, 2, 6, 3, 6, 0, 1, 0, 0, 5, 6, 0, 6, 3, 3, 3, 3, 6, 6, 0, 0, 4, 3, 0]
------ Tiempo empleado: 18.756975650787354 s

REPETICIÓN i=3
	Iteraciones empleadas: 8918
	Desviación general:    0.1872664646636895
	Infeasibility:         71
	Func. objetivo:        0.22003065478828573
Solución obtenida: [6, 3, 0, 6, 6, 0, 6, 0, 3, 6, 6, 3, 0, 3, 0, 6, 6, 3, 6, 0, 6, 6, 0, 6, 0, 6, 0, 0, 6, 0, 3, 3, 3, 3, 0, 6, 2, 6, 6, 0, 0, 6, 6, 3, 2, 6, 6, 3, 0, 6, 6, 0, 6, 3, 0, 2, 3, 0, 0, 0, 3, 0, 0, 6, 6, 6, 6, 6, 3, 0, 0, 6, 6, 3, 6, 3, 0, 3, 2, 3, 0, 6, 0, 6, 0, 0, 3, 2, 3, 0, 0, 6, 6, 6, 2, 2, 6, 6, 0, 2, 0, 0, 3, 6, 3, 0, 2, 3, 6, 2, 6, 0, 0, 3, 0, 3, 3, 6, 0, 6, 3, 6, 0, 0, 0, 3, 0, 6, 6, 3, 6, 6, 3, 6, 2, 2, 3, 3, 3, 0, 6, 6, 0, 3, 6, 0, 6, 6, 2, 3, 3, 3, 3, 6, 6, 0, 0, 6, 0, 2, 6, 6, 6, 3, 0, 0, 6, 3, 6, 6, 0, 0, 2, 6, 6, 6, 0, 3, 0, 6, 3, 0, 0, 0, 3, 0, 6, 0, 3, 0, 0, 2, 6, 3, 6, 0, 1, 0, 0, 5, 6, 0, 6, 3, 3, 3, 3, 6, 6, 0, 0, 4, 3, 0]
------ Tiempo empleado: 17.9423828125 s

REPETICIÓN i=4
	Iteraciones empleadas: 8918
	Desviación general:    0.1872664646636895
	Infeasibility:         71
	Func. objetivo:        0.22003065478828573
Solución obtenida: [6, 3, 0, 6, 6, 0, 6, 0, 3, 6, 6, 3, 0, 3, 0, 6, 6, 3, 6, 0, 6, 6, 0, 6, 0, 6, 0, 0, 6, 0, 3, 3, 3, 3, 0, 6, 2, 6, 6, 0, 0, 6, 6, 3, 2, 6, 6, 3, 0, 6, 6, 0, 6, 3, 0, 2, 3, 0, 0, 0, 3, 0, 0, 6, 6, 6, 6, 6, 3, 0, 0, 6, 6, 3, 6, 3, 0, 3, 2, 3, 0, 6, 0, 6, 0, 0, 3, 2, 3, 0, 0, 6, 6, 6, 2, 2, 6, 6, 0, 2, 0, 0, 3, 6, 3, 0, 2, 3, 6, 2, 6, 0, 0, 3, 0, 3, 3, 6, 0, 6, 3, 6, 0, 0, 0, 3, 0, 6, 6, 3, 6, 6, 3, 6, 2, 2, 3, 3, 3, 0, 6, 6, 0, 3, 6, 0, 6, 6, 2, 3, 3, 3, 3, 6, 6, 0, 0, 6, 0, 2, 6, 6, 6, 3, 0, 0, 6, 3, 6, 6, 0, 0, 2, 6, 6, 6, 0, 3, 0, 6, 3, 0, 0, 0, 3, 0, 6, 0, 3, 0, 0, 2, 6, 3, 6, 0, 1, 0, 0, 5, 6, 0, 6, 3, 3, 3, 3, 6, 6, 0, 0, 4, 3, 0]
------ Tiempo empleado: 17.740318775177002 s

REPETICIONES FINALIZADAS
------ Tiempo medio empleado: 17.977295446395875 s

######################################

Set seleccionado:    glass
Porcentaje restrs.:  20
Algoritmo:           Búsqueda local
Número repeticiones: 5
Semilla:             1514280522468089

Datos cargados:
	Num. datos:         214
	Num. clusters:      7
	Dimensión:          9
	Num. restricciones: 4096

REPETICIÓN i=0
	Iteraciones empleadas: 8230
	Desviación general:    0.18598246916718159
	Infeasibility:         191
	Func. objetivo:        0.23261332854218159
Solución obtenida: [1, 3, 0, 1, 1, 0, 1, 0, 3, 1, 1, 3, 0, 3, 0, 1, 1, 3, 1, 0, 1, 1, 0, 1, 1, 1, 0, 0, 1, 0, 3, 3, 3, 3, 0, 1, 2, 1, 1, 0, 0, 1, 1, 3, 2, 1, 1, 3, 0, 1, 1, 0, 1, 3, 0, 2, 3, 0, 0, 0, 3, 0, 0, 1, 1, 1, 1, 1, 3, 0, 0, 1, 1, 3, 1, 3, 0, 0, 2, 3, 0, 1, 0, 1, 0, 0, 3, 2, 3, 0, 0, 1, 1, 1, 2, 2, 1, 1, 0, 2, 0, 0, 3, 1, 3, 0, 2, 3, 1, 2, 1, 0, 4, 3, 0, 3, 3, 1, 0, 1, 3, 1, 0, 0, 0, 3, 0, 1, 1, 3, 1, 1, 3, 1, 5, 3, 3, 3, 3, 0, 1, 1, 0, 3, 1, 0, 1, 1, 2, 3, 3, 3, 3, 1, 1, 0, 0, 1, 0, 2, 1, 1, 1, 3, 0, 0, 1, 3, 6, 1, 0, 0, 2, 1, 1, 1, 0, 3, 0, 1, 3, 0, 0, 0, 3, 0, 1, 0, 3, 0, 0, 2, 1, 3, 1, 0, 1, 0, 0, 0, 1, 0, 1, 3, 3, 3, 3, 1, 1, 0, 0, 0, 3, 0]
------ Tiempo empleado: 20.245797157287598 s

REPETICIÓN i=1
	Iteraciones empleadas: 8230
	Desviación general:    0.18598246916718159
	Infeasibility:         191
	Func. objetivo:        0.23261332854218159
Solución obtenida: [1, 3, 0, 1, 1, 0, 1, 0, 3, 1, 1, 3, 0, 3, 0, 1, 1, 3, 1, 0, 1, 1, 0, 1, 1, 1, 0, 0, 1, 0, 3, 3, 3, 3, 0, 1, 2, 1, 1, 0, 0, 1, 1, 3, 2, 1, 1, 3, 0, 1, 1, 0, 1, 3, 0, 2, 3, 0, 0, 0, 3, 0, 0, 1, 1, 1, 1, 1, 3, 0, 0, 1, 1, 3, 1, 3, 0, 0, 2, 3, 0, 1, 0, 1, 0, 0, 3, 2, 3, 0, 0, 1, 1, 1, 2, 2, 1, 1, 0, 2, 0, 0, 3, 1, 3, 0, 2, 3, 1, 2, 1, 0, 4, 3, 0, 3, 3, 1, 0, 1, 3, 1, 0, 0, 0, 3, 0, 1, 1, 3, 1, 1, 3, 1, 5, 3, 3, 3, 3, 0, 1, 1, 0, 3, 1, 0, 1, 1, 2, 3, 3, 3, 3, 1, 1, 0, 0, 1, 0, 2, 1, 1, 1, 3, 0, 0, 1, 3, 6, 1, 0, 0, 2, 1, 1, 1, 0, 3, 0, 1, 3, 0, 0, 0, 3, 0, 1, 0, 3, 0, 0, 2, 1, 3, 1, 0, 1, 0, 0, 0, 1, 0, 1, 3, 3, 3, 3, 1, 1, 0, 0, 0, 3, 0]
------ Tiempo empleado: 20.196256160736084 s

REPETICIÓN i=2
	Iteraciones empleadas: 8230
	Desviación general:    0.18598246916718159
	Infeasibility:         191
	Func. objetivo:        0.23261332854218159
Solución obtenida: [1, 3, 0, 1, 1, 0, 1, 0, 3, 1, 1, 3, 0, 3, 0, 1, 1, 3, 1, 0, 1, 1, 0, 1, 1, 1, 0, 0, 1, 0, 3, 3, 3, 3, 0, 1, 2, 1, 1, 0, 0, 1, 1, 3, 2, 1, 1, 3, 0, 1, 1, 0, 1, 3, 0, 2, 3, 0, 0, 0, 3, 0, 0, 1, 1, 1, 1, 1, 3, 0, 0, 1, 1, 3, 1, 3, 0, 0, 2, 3, 0, 1, 0, 1, 0, 0, 3, 2, 3, 0, 0, 1, 1, 1, 2, 2, 1, 1, 0, 2, 0, 0, 3, 1, 3, 0, 2, 3, 1, 2, 1, 0, 4, 3, 0, 3, 3, 1, 0, 1, 3, 1, 0, 0, 0, 3, 0, 1, 1, 3, 1, 1, 3, 1, 5, 3, 3, 3, 3, 0, 1, 1, 0, 3, 1, 0, 1, 1, 2, 3, 3, 3, 3, 1, 1, 0, 0, 1, 0, 2, 1, 1, 1, 3, 0, 0, 1, 3, 6, 1, 0, 0, 2, 1, 1, 1, 0, 3, 0, 1, 3, 0, 0, 0, 3, 0, 1, 0, 3, 0, 0, 2, 1, 3, 1, 0, 1, 0, 0, 0, 1, 0, 1, 3, 3, 3, 3, 1, 1, 0, 0, 0, 3, 0]
------ Tiempo empleado: 19.705940008163452 s

REPETICIÓN i=3
	Iteraciones empleadas: 8230
	Desviación general:    0.18598246916718159
	Infeasibility:         191
	Func. objetivo:        0.23261332854218159
Solución obtenida: [1, 3, 0, 1, 1, 0, 1, 0, 3, 1, 1, 3, 0, 3, 0, 1, 1, 3, 1, 0, 1, 1, 0, 1, 1, 1, 0, 0, 1, 0, 3, 3, 3, 3, 0, 1, 2, 1, 1, 0, 0, 1, 1, 3, 2, 1, 1, 3, 0, 1, 1, 0, 1, 3, 0, 2, 3, 0, 0, 0, 3, 0, 0, 1, 1, 1, 1, 1, 3, 0, 0, 1, 1, 3, 1, 3, 0, 0, 2, 3, 0, 1, 0, 1, 0, 0, 3, 2, 3, 0, 0, 1, 1, 1, 2, 2, 1, 1, 0, 2, 0, 0, 3, 1, 3, 0, 2, 3, 1, 2, 1, 0, 4, 3, 0, 3, 3, 1, 0, 1, 3, 1, 0, 0, 0, 3, 0, 1, 1, 3, 1, 1, 3, 1, 5, 3, 3, 3, 3, 0, 1, 1, 0, 3, 1, 0, 1, 1, 2, 3, 3, 3, 3, 1, 1, 0, 0, 1, 0, 2, 1, 1, 1, 3, 0, 0, 1, 3, 6, 1, 0, 0, 2, 1, 1, 1, 0, 3, 0, 1, 3, 0, 0, 0, 3, 0, 1, 0, 3, 0, 0, 2, 1, 3, 1, 0, 1, 0, 0, 0, 1, 0, 1, 3, 3, 3, 3, 1, 1, 0, 0, 0, 3, 0]
------ Tiempo empleado: 20.625461101531982 s

REPETICIÓN i=4
	Iteraciones empleadas: 8230
	Desviación general:    0.18598246916718159
	Infeasibility:         191
	Func. objetivo:        0.23261332854218159
Solución obtenida: [1, 3, 0, 1, 1, 0, 1, 0, 3, 1, 1, 3, 0, 3, 0, 1, 1, 3, 1, 0, 1, 1, 0, 1, 1, 1, 0, 0, 1, 0, 3, 3, 3, 3, 0, 1, 2, 1, 1, 0, 0, 1, 1, 3, 2, 1, 1, 3, 0, 1, 1, 0, 1, 3, 0, 2, 3, 0, 0, 0, 3, 0, 0, 1, 1, 1, 1, 1, 3, 0, 0, 1, 1, 3, 1, 3, 0, 0, 2, 3, 0, 1, 0, 1, 0, 0, 3, 2, 3, 0, 0, 1, 1, 1, 2, 2, 1, 1, 0, 2, 0, 0, 3, 1, 3, 0, 2, 3, 1, 2, 1, 0, 4, 3, 0, 3, 3, 1, 0, 1, 3, 1, 0, 0, 0, 3, 0, 1, 1, 3, 1, 1, 3, 1, 5, 3, 3, 3, 3, 0, 1, 1, 0, 3, 1, 0, 1, 1, 2, 3, 3, 3, 3, 1, 1, 0, 0, 1, 0, 2, 1, 1, 1, 3, 0, 0, 1, 3, 6, 1, 0, 0, 2, 1, 1, 1, 0, 3, 0, 1, 3, 0, 0, 0, 3, 0, 1, 0, 3, 0, 0, 2, 1, 3, 1, 0, 1, 0, 0, 0, 1, 0, 1, 3, 3, 3, 3, 1, 1, 0, 0, 0, 3, 0]
------ Tiempo empleado: 20.556199550628662 s

REPETICIONES FINALIZADAS
------ Tiempo medio empleado: 20.265930795669554 s

######################################

Set seleccionado:    bupa
Porcentaje restrs.:  10
Algoritmo:           Búsqueda local
Número repeticiones: 5
Semilla:             1514280522468089

Datos cargados:
        Num. datos:         345
        Num. clusters:      16
        Dimensión:          5
        Num. restricciones: 5632

REPETICIÓN i=0
        Iteraciones empleadas: 10016
        Desviación general:    0.14400481314424335
        Infeasibility:         576
        Func. objetivo:        0.24627754041697064
Solución obtenida: [9, 9, 10, 0, 2, 3, 5, 11, 5, 0, 2, 12, 3, 14, 2, 14, 2, 12, 0, 12, 3, 2, 3, 11, 12, 5, 11, 2, 0, 7, 14, 2, 7, 6, 12, 5, 11, 11, 14, 12, 6, 2, 7, 3, 2, 7, 3, 9, 7, 3, 9, 2, 7, 2, 9, 14, 3, 6, 6, 7, 2, 12, 9, 2, 14, 11, 12, 2, 3, 4, 0, 12, 5, 3, 0, 12, 2, 15, 6, 2, 12, 5, 12, 3, 2, 6, 12, 5, 12, 2, 12, 6, 7, 2, 9, 2, 2, 9, 6, 12, 7, 5, 7, 3, 2, 3, 6, 2, 12, 7, 5, 11, 6, 14, 6, 12, 0, 12, 6, 6, 7, 14, 3, 6, 0, 0, 2, 3, 6, 6, 11, 6, 3, 5, 6, 3, 9, 14, 12, 14, 2, 6, 6, 12, 9, 9, 9, 11, 7, 11, 6, 12, 9, 11, 3, 14, 0, 2, 5, 3, 2, 2, 14, 6, 6, 6, 0, 9, 14, 7, 6, 12, 6, 5, 2, 5, 7, 6, 14, 6, 14, 7, 12, 14, 11, 7, 0, 12, 12, 7, 6, 0, 11, 14, 3, 2, 14, 3, 7, 3, 2, 11, 2, 12, 3, 1, 11, 6, 11, 5, 12, 12, 2, 7, 2, 11, 14, 3, 12, 2, 3, 11, 6, 2, 5, 14, 7, 11, 11, 2, 12, 2, 11, 14, 2, 3, 3, 14, 6, 6, 12, 3, 2, 2, 6, 7, 5, 14, 11, 6, 3, 2, 12, 14, 5, 14, 7, 3, 11, 9, 0, 2, 9, 5, 2, 12, 2, 12, 12, 2, 12, 13, 14, 5, 6, 6, 6, 2, 11, 0, 11, 9, 2, 7, 2, 3, 11, 14, 14, 14, 7, 3, 9, 0, 11, 6, 14, 2, 11, 11, 2, 14, 2, 6, 3, 2, 9, 2, 12, 14, 3, 12, 6, 6, 14, 11, 12, 9, 12, 12, 2, 0, 12, 6, 7, 2, 9, 2, 0, 6, 12, 5, 5, 0, 12, 0, 3, 6, 11, 8, 12, 5, 5, 14, 7]
------ Tiempo empleado: 40.48186779022217 s

REPETICIÓN i=1
        Iteraciones empleadas: 10016
        Desviación general:    0.14400481314424335
        Infeasibility:         576
        Func. objetivo:        0.24627754041697064
Solución obtenida: [9, 9, 10, 0, 2, 3, 5, 11, 5, 0, 2, 12, 3, 14, 2, 14, 2, 12, 0, 12, 3, 2, 3, 11, 12, 5, 11, 2, 0, 7, 14, 2, 7, 6, 12, 5, 11, 11, 14, 12, 6, 2, 7, 3, 2, 7, 3, 9, 7, 3, 9, 2, 7, 2, 9, 14, 3, 6, 6, 7, 2, 12, 9, 2, 14, 11, 12, 2, 3, 4, 0, 12, 5, 3, 0, 12, 2, 15, 6, 2, 12, 5, 12, 3, 2, 6, 12, 5, 12, 2, 12, 6, 7, 2, 9, 2, 2, 9, 6, 12, 7, 5, 7, 3, 2, 3, 6, 2, 12, 7, 5, 11, 6, 14, 6, 12, 0, 12, 6, 6, 7, 14, 3, 6, 0, 0, 2, 3, 6, 6, 11, 6, 3, 5, 6, 3, 9, 14, 12, 14, 2, 6, 6, 12, 9, 9, 9, 11, 7, 11, 6, 12, 9, 11, 3, 14, 0, 2, 5, 3, 2, 2, 14, 6, 6, 6, 0, 9, 14, 7, 6, 12, 6, 5, 2, 5, 7, 6, 14, 6, 14, 7, 12, 14, 11, 7, 0, 12, 12, 7, 6, 0, 11, 14, 3, 2, 14, 3, 7, 3, 2, 11, 2, 12, 3, 1, 11, 6, 11, 5, 12, 12, 2, 7, 2, 11, 14, 3, 12, 2, 3, 11, 6, 2, 5, 14, 7, 11, 11, 2, 12, 2, 11, 14, 2, 3, 3, 14, 6, 6, 12, 3, 2, 2, 6, 7, 5, 14, 11, 6, 3, 2, 12, 14, 5, 14, 7, 3, 11, 9, 0, 2, 9, 5, 2, 12, 2, 12, 12, 2, 12, 13, 14, 5, 6, 6, 6, 2, 11, 0, 11, 9, 2, 7, 2, 3, 11, 14, 14, 14, 7, 3, 9, 0, 11, 6, 14, 2, 11, 11, 2, 14, 2, 6, 3, 2, 9, 2, 12, 14, 3, 12, 6, 6, 14, 11, 12, 9, 12, 12, 2, 0, 12, 6, 7, 2, 9, 2, 0, 6, 12, 5, 5, 0, 12, 0, 3, 6, 11, 8, 12, 5, 5, 14, 7]
------ Tiempo empleado: 41.61196756362915 s

REPETICIÓN i=2
        Iteraciones empleadas: 10016
        Desviación general:    0.14400481314424335
        Infeasibility:         576
        Func. objetivo:        0.24627754041697064
Solución obtenida: [9, 9, 10, 0, 2, 3, 5, 11, 5, 0, 2, 12, 3, 14, 2, 14, 2, 12, 0, 12, 3, 2, 3, 11, 12, 5, 11, 2, 0, 7, 14, 2, 7, 6, 12, 5, 11, 11, 14, 12, 6, 2, 7, 3, 2, 7, 3, 9, 7, 3, 9, 2, 7, 2, 9, 14, 3, 6, 6, 7, 2, 12, 9, 2, 14, 11, 12, 2, 3, 4, 0, 12, 5, 3, 0, 12, 2, 15, 6, 2, 12, 5, 12, 3, 2, 6, 12, 5, 12, 2, 12, 6, 7, 2, 9, 2, 2, 9, 6, 12, 7, 5, 7, 3, 2, 3, 6, 2, 12, 7, 5, 11, 6, 14, 6, 12, 0, 12, 6, 6, 7, 14, 3, 6, 0, 0, 2, 3, 6, 6, 11, 6, 3, 5, 6, 3, 9, 14, 12, 14, 2, 6, 6, 12, 9, 9, 9, 11, 7, 11, 6, 12, 9, 11, 3, 14, 0, 2, 5, 3, 2, 2, 14, 6, 6, 6, 0, 9, 14, 7, 6, 12, 6, 5, 2, 5, 7, 6, 14, 6, 14, 7, 12, 14, 11, 7, 0, 12, 12, 7, 6, 0, 11, 14, 3, 2, 14, 3, 7, 3, 2, 11, 2, 12, 3, 1, 11, 6, 11, 5, 12, 12, 2, 7, 2, 11, 14, 3, 12, 2, 3, 11, 6, 2, 5, 14, 7, 11, 11, 2, 12, 2, 11, 14, 2, 3, 3, 14, 6, 6, 12, 3, 2, 2, 6, 7, 5, 14, 11, 6, 3, 2, 12, 14, 5, 14, 7, 3, 11, 9, 0, 2, 9, 5, 2, 12, 2, 12, 12, 2, 12, 13, 14, 5, 6, 6, 6, 2, 11, 0, 11, 9, 2, 7, 2, 3, 11, 14, 14, 14, 7, 3, 9, 0, 11, 6, 14, 2, 11, 11, 2, 14, 2, 6, 3, 2, 9, 2, 12, 14, 3, 12, 6, 6, 14, 11, 12, 9, 12, 12, 2, 0, 12, 6, 7, 2, 9, 2, 0, 6, 12, 5, 5, 0, 12, 0, 3, 6, 11, 8, 12, 5, 5, 14, 7]
------ Tiempo empleado: 42.217302083969116 s

REPETICIÓN i=3
        Iteraciones empleadas: 10016
        Desviación general:    0.14400481314424335
        Infeasibility:         576
        Func. objetivo:        0.24627754041697064
Solución obtenida: [9, 9, 10, 0, 2, 3, 5, 11, 5, 0, 2, 12, 3, 14, 2, 14, 2, 12, 0, 12, 3, 2, 3, 11, 12, 5, 11, 2, 0, 7, 14, 2, 7, 6, 12, 5, 11, 11, 14, 12, 6, 2, 7, 3, 2, 7, 3, 9, 7, 3, 9, 2, 7, 2, 9, 14, 3, 6, 6, 7, 2, 12, 9, 2, 14, 11, 12, 2, 3, 4, 0, 12, 5, 3, 0, 12, 2, 15, 6, 2, 12, 5, 12, 3, 2, 6, 12, 5, 12, 2, 12, 6, 7, 2, 9, 2, 2, 9, 6, 12, 7, 5, 7, 3, 2, 3, 6, 2, 12, 7, 5, 11, 6, 14, 6, 12, 0, 12, 6, 6, 7, 14, 3, 6, 0, 0, 2, 3, 6, 6, 11, 6, 3, 5, 6, 3, 9, 14, 12, 14, 2, 6, 6, 12, 9, 9, 9, 11, 7, 11, 6, 12, 9, 11, 3, 14, 0, 2, 5, 3, 2, 2, 14, 6, 6, 6, 0, 9, 14, 7, 6, 12, 6, 5, 2, 5, 7, 6, 14, 6, 14, 7, 12, 14, 11, 7, 0, 12, 12, 7, 6, 0, 11, 14, 3, 2, 14, 3, 7, 3, 2, 11, 2, 12, 3, 1, 11, 6, 11, 5, 12, 12, 2, 7, 2, 11, 14, 3, 12, 2, 3, 11, 6, 2, 5, 14, 7, 11, 11, 2, 12, 2, 11, 14, 2, 3, 3, 14, 6, 6, 12, 3, 2, 2, 6, 7, 5, 14, 11, 6, 3, 2, 12, 14, 5, 14, 7, 3, 11, 9, 0, 2, 9, 5, 2, 12, 2, 12, 12, 2, 12, 13, 14, 5, 6, 6, 6, 2, 11, 0, 11, 9, 2, 7, 2, 3, 11, 14, 14, 14, 7, 3, 9, 0, 11, 6, 14, 2, 11, 11, 2, 14, 2, 6, 3, 2, 9, 2, 12, 14, 3, 12, 6, 6, 14, 11, 12, 9, 12, 12, 2, 0, 12, 6, 7, 2, 9, 2, 0, 6, 12, 5, 5, 0, 12, 0, 3, 6, 11, 8, 12, 5, 5, 14, 7]
------ Tiempo empleado: 41.85207724571228 s

REPETICIÓN i=4
        Iteraciones empleadas: 10016
        Desviación general:    0.14400481314424335
        Infeasibility:         576
        Func. objetivo:        0.24627754041697064
Solución obtenida: [9, 9, 10, 0, 2, 3, 5, 11, 5, 0, 2, 12, 3, 14, 2, 14, 2, 12, 0, 12, 3, 2, 3, 11, 12, 5, 11, 2, 0, 7, 14, 2, 7, 6, 12, 5, 11, 11, 14, 12, 6, 2, 7, 3, 2, 7, 3, 9, 7, 3, 9, 2, 7, 2, 9, 14, 3, 6, 6, 7, 2, 12, 9, 2, 14, 11, 12, 2, 3, 4, 0, 12, 5, 3, 0, 12, 2, 15, 6, 2, 12, 5, 12, 3, 2, 6, 12, 5, 12, 2, 12, 6, 7, 2, 9, 2, 2, 9, 6, 12, 7, 5, 7, 3, 2, 3, 6, 2, 12, 7, 5, 11, 6, 14, 6, 12, 0, 12, 6, 6, 7, 14, 3, 6, 0, 0, 2, 3, 6, 6, 11, 6, 3, 5, 6, 3, 9, 14, 12, 14, 2, 6, 6, 12, 9, 9, 9, 11, 7, 11, 6, 12, 9, 11, 3, 14, 0, 2, 5, 3, 2, 2, 14, 6, 6, 6, 0, 9, 14, 7, 6, 12, 6, 5, 2, 5, 7, 6, 14, 6, 14, 7, 12, 14, 11, 7, 0, 12, 12, 7, 6, 0, 11, 14, 3, 2, 14, 3, 7, 3, 2, 11, 2, 12, 3, 1, 11, 6, 11, 5, 12, 12, 2, 7, 2, 11, 14, 3, 12, 2, 3, 11, 6, 2, 5, 14, 7, 11, 11, 2, 12, 2, 11, 14, 2, 3, 3, 14, 6, 6, 12, 3, 2, 2, 6, 7, 5, 14, 11, 6, 3, 2, 12, 14, 5, 14, 7, 3, 11, 9, 0, 2, 9, 5, 2, 12, 2, 12, 12, 2, 12, 13, 14, 5, 6, 6, 6, 2, 11, 0, 11, 9, 2, 7, 2, 3, 11, 14, 14, 14, 7, 3, 9, 0, 11, 6, 14, 2, 11, 11, 2, 14, 2, 6, 3, 2, 9, 2, 12, 14, 3, 12, 6, 6, 14, 11, 12, 9, 12, 12, 2, 0, 12, 6, 7, 2, 9, 2, 0, 6, 12, 5, 5, 0, 12, 0, 3, 6, 11, 8, 12, 5, 5, 14, 7]
------ Tiempo empleado: 41.564990520477295 s

REPETICIONES FINALIZADAS
------ Tiempo medio empleado: 41.545641040802 s

######################################

Set seleccionado:    bupa
Porcentaje restrs.:  20
Algoritmo:           Búsqueda local
Número repeticiones: 5
Semilla:             1514280522468089

Datos cargados:
        Num. datos:         345
        Num. clusters:      16
        Dimensión:          5
        Num. restricciones: 10824

REPETICIÓN i=0
        Iteraciones empleadas: 10016
        Desviación general:    0.12875356154410428
        Infeasibility:         930
        Func. objetivo:        0.2146737389276963
Solución obtenida: [6, 12, 13, 13, 14, 3, 9, 0, 0, 14, 15, 15, 3, 13, 15, 13, 15, 15, 14, 15, 3, 15, 3, 3, 15, 4, 4, 15, 3, 12, 6, 12, 8, 15, 15, 13, 7, 3, 13, 14, 15, 9, 9, 10, 2, 14, 15, 3, 9, 3, 0, 15, 9, 15, 3, 13, 14, 13, 14, 4, 15, 15, 4, 15, 12, 6, 15, 15, 14, 13, 9, 15, 14, 9, 3, 2, 2, 0, 15, 15, 2, 15, 15, 14, 15, 13, 3, 9, 15, 15, 15, 15, 4, 15, 2, 15, 15, 6, 15, 2, 9, 4, 9, 9, 15, 15, 13, 15, 15, 4, 13, 12, 9, 12, 15, 2, 9, 15, 15, 13, 9, 13, 3, 15, 14, 14, 15, 12, 5, 15, 0, 13, 3, 13, 13, 6, 4, 14, 15, 13, 15, 15, 13, 1, 13, 3, 6, 0, 9, 6, 15, 15, 5, 12, 3, 14, 14, 15, 15, 9, 14, 2, 13, 14, 2, 0, 14, 5, 13, 9, 15, 15, 13, 0, 3, 9, 9, 13, 3, 12, 0, 9, 2, 4, 0, 9, 9, 6, 15, 9, 13, 3, 4, 13, 3, 15, 6, 9, 9, 9, 15, 9, 15, 2, 3, 4, 9, 14, 2, 4, 2, 2, 15, 9, 15, 12, 13, 9, 15, 15, 3, 0, 3, 11, 12, 13, 6, 14, 3, 15, 15, 15, 0, 3, 15, 15, 15, 14, 15, 3, 15, 3, 15, 15, 13, 12, 13, 0, 3, 12, 14, 3, 5, 13, 3, 0, 6, 14, 5, 6, 14, 15, 9, 15, 9, 15, 15, 15, 15, 15, 13, 2, 13, 0, 13, 3, 15, 13, 6, 3, 0, 3, 6, 9, 14, 3, 14, 14, 13, 14, 12, 5, 13, 3, 2, 4, 14, 3, 14, 14, 15, 14, 14, 13, 9, 15, 14, 12, 2, 4, 9, 15, 13, 3, 4, 6, 15, 3, 15, 15, 15, 14, 2, 15, 3, 13, 5, 15, 3, 3, 15, 3, 6, 14, 15, 14, 9, 15, 6, 12, 3, 2, 5, 13, 6]
------ Tiempo empleado: 53.492501735687256 s

REPETICIÓN i=1
        Iteraciones empleadas: 10016
        Desviación general:    0.12875356154410428
        Infeasibility:         930
        Func. objetivo:        0.2146737389276963
Solución obtenida: [6, 12, 13, 13, 14, 3, 9, 0, 0, 14, 15, 15, 3, 13, 15, 13, 15, 15, 14, 15, 3, 15, 3, 3, 15, 4, 4, 15, 3, 12, 6, 12, 8, 15, 15, 13, 7, 3, 13, 14, 15, 9, 9, 10, 2, 14, 15, 3, 9, 3, 0, 15, 9, 15, 3, 13, 14, 13, 14, 4, 15, 15, 4, 15, 12, 6, 15, 15, 14, 13, 9, 15, 14, 9, 3, 2, 2, 0, 15, 15, 2, 15, 15, 14, 15, 13, 3, 9, 15, 15, 15, 15, 4, 15, 2, 15, 15, 6, 15, 2, 9, 4, 9, 9, 15, 15, 13, 15, 15, 4, 13, 12, 9, 12, 15, 2, 9, 15, 15, 13, 9, 13, 3, 15, 14, 14, 15, 12, 5, 15, 0, 13, 3, 13, 13, 6, 4, 14, 15, 13, 15, 15, 13, 1, 13, 3, 6, 0, 9, 6, 15, 15, 5, 12, 3, 14, 14, 15, 15, 9, 14, 2, 13, 14, 2, 0, 14, 5, 13, 9, 15, 15, 13, 0, 3, 9, 9, 13, 3, 12, 0, 9, 2, 4, 0, 9, 9, 6, 15, 9, 13, 3, 4, 13, 3, 15, 6, 9, 9, 9, 15, 9, 15, 2, 3, 4, 9, 14, 2, 4, 2, 2, 15, 9, 15, 12, 13, 9, 15, 15, 3, 0, 3, 11, 12, 13, 6, 14, 3, 15, 15, 15, 0, 3, 15, 15, 15, 14, 15, 3, 15, 3, 15, 15, 13, 12, 13, 0, 3, 12, 14, 3, 5, 13, 3, 0, 6, 14, 5, 6, 14, 15, 9, 15, 9, 15, 15, 15, 15, 15, 13, 2, 13, 0, 13, 3, 15, 13, 6, 3, 0, 3, 6, 9, 14, 3, 14, 14, 13, 14, 12, 5, 13, 3, 2, 4, 14, 3, 14, 14, 15, 14, 14, 13, 9, 15, 14, 12, 2, 4, 9, 15, 13, 3, 4, 6, 15, 3, 15, 15, 15, 14, 2, 15, 3, 13, 5, 15, 3, 3, 15, 3, 6, 14, 15, 14, 9, 15, 6, 12, 3, 2, 5, 13, 6]
------ Tiempo empleado: 54.768965005874634 s

REPETICIÓN i=2
        Iteraciones empleadas: 10016
        Desviación general:    0.12875356154410428
        Infeasibility:         930
        Func. objetivo:        0.2146737389276963
Solución obtenida: [6, 12, 13, 13, 14, 3, 9, 0, 0, 14, 15, 15, 3, 13, 15, 13, 15, 15, 14, 15, 3, 15, 3, 3, 15, 4, 4, 15, 3, 12, 6, 12, 8, 15, 15, 13, 7, 3, 13, 14, 15, 9, 9, 10, 2, 14, 15, 3, 9, 3, 0, 15, 9, 15, 3, 13, 14, 13, 14, 4, 15, 15, 4, 15, 12, 6, 15, 15, 14, 13, 9, 15, 14, 9, 3, 2, 2, 0, 15, 15, 2, 15, 15, 14, 15, 13, 3, 9, 15, 15, 15, 15, 4, 15, 2, 15, 15, 6, 15, 2, 9, 4, 9, 9, 15, 15, 13, 15, 15, 4, 13, 12, 9, 12, 15, 2, 9, 15, 15, 13, 9, 13, 3, 15, 14, 14, 15, 12, 5, 15, 0, 13, 3, 13, 13, 6, 4, 14, 15, 13, 15, 15, 13, 1, 13, 3, 6, 0, 9, 6, 15, 15, 5, 12, 3, 14, 14, 15, 15, 9, 14, 2, 13, 14, 2, 0, 14, 5, 13, 9, 15, 15, 13, 0, 3, 9, 9, 13, 3, 12, 0, 9, 2, 4, 0, 9, 9, 6, 15, 9, 13, 3, 4, 13, 3, 15, 6, 9, 9, 9, 15, 9, 15, 2, 3, 4, 9, 14, 2, 4, 2, 2, 15, 9, 15, 12, 13, 9, 15, 15, 3, 0, 3, 11, 12, 13, 6, 14, 3, 15, 15, 15, 0, 3, 15, 15, 15, 14, 15, 3, 15, 3, 15, 15, 13, 12, 13, 0, 3, 12, 14, 3, 5, 13, 3, 0, 6, 14, 5, 6, 14, 15, 9, 15, 9, 15, 15, 15, 15, 15, 13, 2, 13, 0, 13, 3, 15, 13, 6, 3, 0, 3, 6, 9, 14, 3, 14, 14, 13, 14, 12, 5, 13, 3, 2, 4, 14, 3, 14, 14, 15, 14, 14, 13, 9, 15, 14, 12, 2, 4, 9, 15, 13, 3, 4, 6, 15, 3, 15, 15, 15, 14, 2, 15, 3, 13, 5, 15, 3, 3, 15, 3, 6, 14, 15, 14, 9, 15, 6, 12, 3, 2, 5, 13, 6]
------ Tiempo empleado: 52.116405725479126 s

REPETICIÓN i=3
        Iteraciones empleadas: 10016
        Desviación general:    0.12875356154410428
        Infeasibility:         930
        Func. objetivo:        0.2146737389276963
Solución obtenida: [6, 12, 13, 13, 14, 3, 9, 0, 0, 14, 15, 15, 3, 13, 15, 13, 15, 15, 14, 15, 3, 15, 3, 3, 15, 4, 4, 15, 3, 12, 6, 12, 8, 15, 15, 13, 7, 3, 13, 14, 15, 9, 9, 10, 2, 14, 15, 3, 9, 3, 0, 15, 9, 15, 3, 13, 14, 13, 14, 4, 15, 15, 4, 15, 12, 6, 15, 15, 14, 13, 9, 15, 14, 9, 3, 2, 2, 0, 15, 15, 2, 15, 15, 14, 15, 13, 3, 9, 15, 15, 15, 15, 4, 15, 2, 15, 15, 6, 15, 2, 9, 4, 9, 9, 15, 15, 13, 15, 15, 4, 13, 12, 9, 12, 15, 2, 9, 15, 15, 13, 9, 13, 3, 15, 14, 14, 15, 12, 5, 15, 0, 13, 3, 13, 13, 6, 4, 14, 15, 13, 15, 15, 13, 1, 13, 3, 6, 0, 9, 6, 15, 15, 5, 12, 3, 14, 14, 15, 15, 9, 14, 2, 13, 14, 2, 0, 14, 5, 13, 9, 15, 15, 13, 0, 3, 9, 9, 13, 3, 12, 0, 9, 2, 4, 0, 9, 9, 6, 15, 9, 13, 3, 4, 13, 3, 15, 6, 9, 9, 9, 15, 9, 15, 2, 3, 4, 9, 14, 2, 4, 2, 2, 15, 9, 15, 12, 13, 9, 15, 15, 3, 0, 3, 11, 12, 13, 6, 14, 3, 15, 15, 15, 0, 3, 15, 15, 15, 14, 15, 3, 15, 3, 15, 15, 13, 12, 13, 0, 3, 12, 14, 3, 5, 13, 3, 0, 6, 14, 5, 6, 14, 15, 9, 15, 9, 15, 15, 15, 15, 15, 13, 2, 13, 0, 13, 3, 15, 13, 6, 3, 0, 3, 6, 9, 14, 3, 14, 14, 13, 14, 12, 5, 13, 3, 2, 4, 14, 3, 14, 14, 15, 14, 14, 13, 9, 15, 14, 12, 2, 4, 9, 15, 13, 3, 4, 6, 15, 3, 15, 15, 15, 14, 2, 15, 3, 13, 5, 15, 3, 3, 15, 3, 6, 14, 15, 14, 9, 15, 6, 12, 3, 2, 5, 13, 6]
------ Tiempo empleado: 53.29533243179321 s

REPETICIÓN i=4
        Iteraciones empleadas: 10016
        Desviación general:    0.12875356154410428
        Infeasibility:         930
        Func. objetivo:        0.2146737389276963
Solución obtenida: [6, 12, 13, 13, 14, 3, 9, 0, 0, 14, 15, 15, 3, 13, 15, 13, 15, 15, 14, 15, 3, 15, 3, 3, 15, 4, 4, 15, 3, 12, 6, 12, 8, 15, 15, 13, 7, 3, 13, 14, 15, 9, 9, 10, 2, 14, 15, 3, 9, 3, 0, 15, 9, 15, 3, 13, 14, 13, 14, 4, 15, 15, 4, 15, 12, 6, 15, 15, 14, 13, 9, 15, 14, 9, 3, 2, 2, 0, 15, 15, 2, 15, 15, 14, 15, 13, 3, 9, 15, 15, 15, 15, 4, 15, 2, 15, 15, 6, 15, 2, 9, 4, 9, 9, 15, 15, 13, 15, 15, 4, 13, 12, 9, 12, 15, 2, 9, 15, 15, 13, 9, 13, 3, 15, 14, 14, 15, 12, 5, 15, 0, 13, 3, 13, 13, 6, 4, 14, 15, 13, 15, 15, 13, 1, 13, 3, 6, 0, 9, 6, 15, 15, 5, 12, 3, 14, 14, 15, 15, 9, 14, 2, 13, 14, 2, 0, 14, 5, 13, 9, 15, 15, 13, 0, 3, 9, 9, 13, 3, 12, 0, 9, 2, 4, 0, 9, 9, 6, 15, 9, 13, 3, 4, 13, 3, 15, 6, 9, 9, 9, 15, 9, 15, 2, 3, 4, 9, 14, 2, 4, 2, 2, 15, 9, 15, 12, 13, 9, 15, 15, 3, 0, 3, 11, 12, 13, 6, 14, 3, 15, 15, 15, 0, 3, 15, 15, 15, 14, 15, 3, 15, 3, 15, 15, 13, 12, 13, 0, 3, 12, 14, 3, 5, 13, 3, 0, 6, 14, 5, 6, 14, 15, 9, 15, 9, 15, 15, 15, 15, 15, 13, 2, 13, 0, 13, 3, 15, 13, 6, 3, 0, 3, 6, 9, 14, 3, 14, 14, 13, 14, 12, 5, 13, 3, 2, 4, 14, 3, 14, 14, 15, 14, 14, 13, 9, 15, 14, 12, 2, 4, 9, 15, 13, 3, 4, 6, 15, 3, 15, 15, 15, 14, 2, 15, 3, 13, 5, 15, 3, 3, 15, 3, 6, 14, 15, 14, 9, 15, 6, 12, 3, 2, 5, 13, 6]
------ Tiempo empleado: 53.20059013366699 s

REPETICIONES FINALIZADAS
------ Tiempo medio empleado: 53.37475900650024 s
