Set seleccionado:    zoo
Porcentaje restrs.:  10
Algoritmo:           Greedy COPKMN
Número repeticiones: 5
Semilla:             1514280522468089

Datos cargados:
	Num. datos:         101
	Num. clusters:      7
	Dimensión:          16
	Num. restricciones: 486

REPETICIÓN i=0
	Iteraciones empleadas: 8
	Desviación general:    1.0938865757114844
	Infeasibility:         13
Solución obtenida: [5, 3, 1, 0, 2, 6, 2, 3, 1, 3, 6, 2, 4, 3, 3, 2, 0, 2, 3, 2, 1, 3, 2, 3, 6, 4, 2, 1, 3, 5, 3, 0, 3, 2, 2, 5, 2, 3, 0, 5, 0, 6, 6, 1, 2, 3, 3, 6, 2, 3, 0, 5, 6, 2, 2, 4, 1, 0, 4, 3, 4, 4, 6, 2, 5, 3, 2, 5, 6, 3, 6, 5, 2, 3, 5, 1, 0, 2, 3, 0, 5, 0, 0, 3, 3, 3, 3, 1, 5, 6, 5, 0, 5, 3, 3, 4, 3, 5, 4, 2, 0]
------ Tiempo empleado: 0.3818376064300537 s

REPETICIÓN i=1
	Iteraciones empleadas: 8
	Desviación general:    1.0938865757114844
	Infeasibility:         13
Solución obtenida: [5, 3, 1, 0, 2, 6, 2, 3, 1, 3, 6, 2, 4, 3, 3, 2, 0, 2, 3, 2, 1, 3, 2, 3, 6, 4, 2, 1, 3, 5, 3, 0, 3, 2, 2, 5, 2, 3, 0, 5, 0, 6, 6, 1, 2, 3, 3, 6, 2, 3, 0, 5, 6, 2, 2, 4, 1, 0, 4, 3, 4, 4, 6, 2, 5, 3, 2, 5, 6, 3, 6, 5, 2, 3, 5, 1, 0, 2, 3, 0, 5, 0, 0, 3, 3, 3, 3, 1, 5, 6, 5, 0, 5, 3, 3, 4, 3, 5, 4, 2, 0]
------ Tiempo empleado: 0.4088270664215088 s

REPETICIÓN i=2
	Iteraciones empleadas: 8
	Desviación general:    1.0938865757114844
	Infeasibility:         13
Solución obtenida: [5, 3, 1, 0, 2, 6, 2, 3, 1, 3, 6, 2, 4, 3, 3, 2, 0, 2, 3, 2, 1, 3, 2, 3, 6, 4, 2, 1, 3, 5, 3, 0, 3, 2, 2, 5, 2, 3, 0, 5, 0, 6, 6, 1, 2, 3, 3, 6, 2, 3, 0, 5, 6, 2, 2, 4, 1, 0, 4, 3, 4, 4, 6, 2, 5, 3, 2, 5, 6, 3, 6, 5, 2, 3, 5, 1, 0, 2, 3, 0, 5, 0, 0, 3, 3, 3, 3, 1, 5, 6, 5, 0, 5, 3, 3, 4, 3, 5, 4, 2, 0]
------ Tiempo empleado: 0.3894481658935547 s

REPETICIÓN i=3
	Iteraciones empleadas: 8
	Desviación general:    1.0938865757114844
	Infeasibility:         13
Solución obtenida: [5, 3, 1, 0, 2, 6, 2, 3, 1, 3, 6, 2, 4, 3, 3, 2, 0, 2, 3, 2, 1, 3, 2, 3, 6, 4, 2, 1, 3, 5, 3, 0, 3, 2, 2, 5, 2, 3, 0, 5, 0, 6, 6, 1, 2, 3, 3, 6, 2, 3, 0, 5, 6, 2, 2, 4, 1, 0, 4, 3, 4, 4, 6, 2, 5, 3, 2, 5, 6, 3, 6, 5, 2, 3, 5, 1, 0, 2, 3, 0, 5, 0, 0, 3, 3, 3, 3, 1, 5, 6, 5, 0, 5, 3, 3, 4, 3, 5, 4, 2, 0]
------ Tiempo empleado: 0.38875508308410645 s

REPETICIÓN i=4
	Iteraciones empleadas: 8
	Desviación general:    1.0938865757114844
	Infeasibility:         13
Solución obtenida: [5, 3, 1, 0, 2, 6, 2, 3, 1, 3, 6, 2, 4, 3, 3, 2, 0, 2, 3, 2, 1, 3, 2, 3, 6, 4, 2, 1, 3, 5, 3, 0, 3, 2, 2, 5, 2, 3, 0, 5, 0, 6, 6, 1, 2, 3, 3, 6, 2, 3, 0, 5, 6, 2, 2, 4, 1, 0, 4, 3, 4, 4, 6, 2, 5, 3, 2, 5, 6, 3, 6, 5, 2, 3, 5, 1, 0, 2, 3, 0, 5, 0, 0, 3, 3, 3, 3, 1, 5, 6, 5, 0, 5, 3, 3, 4, 3, 5, 4, 2, 0]
------ Tiempo empleado: 0.4120752811431885 s

REPETICIONES FINALIZADAS
------ Tiempo medio empleado: 0.39618864059448244 s

######################################

Set seleccionado:    zoo
Porcentaje restrs.:  20
Algoritmo:           Greedy COPKMN
Número repeticiones: 5
Semilla:             1514280522468089

Datos cargados:
	Num. datos:         101
	Num. clusters:      7
	Dimensión:          16
	Num. restricciones: 912

REPETICIÓN i=0
	Iteraciones empleadas: 7
	Desviación general:    0.9047998561934808
	Infeasibility:         0
Solución obtenida: [2, 2, 5, 0, 6, 0, 6, 2, 1, 2, 1, 6, 3, 2, 2, 6, 3, 6, 2, 6, 1, 2, 6, 2, 5, 4, 6, 5, 2, 2, 2, 0, 2, 6, 6, 2, 6, 2, 0, 2, 3, 5, 5, 1, 6, 2, 2, 5, 6, 2, 0, 2, 5, 6, 6, 4, 5, 0, 3, 2, 4, 4, 5, 6, 2, 2, 6, 2, 0, 2, 5, 2, 6, 2, 2, 5, 0, 6, 2, 3, 2, 3, 3, 2, 2, 2, 2, 5, 2, 5, 2, 3, 2, 2, 2, 4, 2, 2, 0, 6, 0]
------ Tiempo empleado: 0.32349610328674316 s

REPETICIÓN i=1
	Iteraciones empleadas: 7
	Desviación general:    0.9047998561934808
	Infeasibility:         0
Solución obtenida: [2, 2, 5, 0, 6, 0, 6, 2, 1, 2, 1, 6, 3, 2, 2, 6, 3, 6, 2, 6, 1, 2, 6, 2, 5, 4, 6, 5, 2, 2, 2, 0, 2, 6, 6, 2, 6, 2, 0, 2, 3, 5, 5, 1, 6, 2, 2, 5, 6, 2, 0, 2, 5, 6, 6, 4, 5, 0, 3, 2, 4, 4, 5, 6, 2, 2, 6, 2, 0, 2, 5, 2, 6, 2, 2, 5, 0, 6, 2, 3, 2, 3, 3, 2, 2, 2, 2, 5, 2, 5, 2, 3, 2, 2, 2, 4, 2, 2, 0, 6, 0]
------ Tiempo empleado: 0.33406734466552734 s

REPETICIÓN i=2
	Iteraciones empleadas: 7
	Desviación general:    0.9047998561934808
	Infeasibility:         0
Solución obtenida: [2, 2, 5, 0, 6, 0, 6, 2, 1, 2, 1, 6, 3, 2, 2, 6, 3, 6, 2, 6, 1, 2, 6, 2, 5, 4, 6, 5, 2, 2, 2, 0, 2, 6, 6, 2, 6, 2, 0, 2, 3, 5, 5, 1, 6, 2, 2, 5, 6, 2, 0, 2, 5, 6, 6, 4, 5, 0, 3, 2, 4, 4, 5, 6, 2, 2, 6, 2, 0, 2, 5, 2, 6, 2, 2, 5, 0, 6, 2, 3, 2, 3, 3, 2, 2, 2, 2, 5, 2, 5, 2, 3, 2, 2, 2, 4, 2, 2, 0, 6, 0]
------ Tiempo empleado: 0.32314515113830566 s

REPETICIÓN i=3
	Iteraciones empleadas: 7
	Desviación general:    0.9047998561934808
	Infeasibility:         0
Solución obtenida: [2, 2, 5, 0, 6, 0, 6, 2, 1, 2, 1, 6, 3, 2, 2, 6, 3, 6, 2, 6, 1, 2, 6, 2, 5, 4, 6, 5, 2, 2, 2, 0, 2, 6, 6, 2, 6, 2, 0, 2, 3, 5, 5, 1, 6, 2, 2, 5, 6, 2, 0, 2, 5, 6, 6, 4, 5, 0, 3, 2, 4, 4, 5, 6, 2, 2, 6, 2, 0, 2, 5, 2, 6, 2, 2, 5, 0, 6, 2, 3, 2, 3, 3, 2, 2, 2, 2, 5, 2, 5, 2, 3, 2, 2, 2, 4, 2, 2, 0, 6, 0]
------ Tiempo empleado: 0.32770776748657227 s

REPETICIÓN i=4
	Iteraciones empleadas: 7
	Desviación general:    0.9047998561934808
	Infeasibility:         0
Solución obtenida: [2, 2, 5, 0, 6, 0, 6, 2, 1, 2, 1, 6, 3, 2, 2, 6, 3, 6, 2, 6, 1, 2, 6, 2, 5, 4, 6, 5, 2, 2, 2, 0, 2, 6, 6, 2, 6, 2, 0, 2, 3, 5, 5, 1, 6, 2, 2, 5, 6, 2, 0, 2, 5, 6, 6, 4, 5, 0, 3, 2, 4, 4, 5, 6, 2, 2, 6, 2, 0, 2, 5, 2, 6, 2, 2, 5, 0, 6, 2, 3, 2, 3, 3, 2, 2, 2, 2, 5, 2, 5, 2, 3, 2, 2, 2, 4, 2, 2, 0, 6, 0]
------ Tiempo empleado: 0.32511186599731445 s

REPETICIONES FINALIZADAS
------ Tiempo medio empleado: 0.3267056465148926 s

######################################

Set seleccionado:    glass
Porcentaje restrs.:  10
Algoritmo:           Greedy COPKMN
Número repeticiones: 5
Semilla:             1514280522468089

Datos cargados:
	Num. datos:         214
	Num. clusters:      7
	Dimensión:          9
	Num. restricciones: 2167

REPETICIÓN i=0
	Iteraciones empleadas: 7
	Desviación general:    0.38834642685335197
	Infeasibility:         8
Solución obtenida: [1, 0, 3, 1, 1, 3, 1, 3, 2, 1, 1, 0, 3, 0, 3, 1, 1, 0, 1, 3, 1, 1, 3, 1, 5, 1, 3, 3, 1, 3, 2, 0, 2, 4, 3, 1, 5, 1, 1, 3, 3, 1, 1, 0, 5, 1, 1, 0, 3, 1, 1, 3, 1, 2, 3, 5, 2, 3, 3, 3, 4, 3, 3, 1, 1, 1, 1, 1, 0, 3, 3, 1, 1, 0, 1, 0, 3, 5, 5, 4, 3, 1, 3, 1, 3, 3, 6, 5, 6, 3, 3, 1, 1, 1, 5, 5, 1, 1, 3, 5, 3, 3, 0, 1, 2, 3, 5, 0, 1, 5, 1, 3, 3, 2, 3, 5, 0, 1, 3, 1, 0, 1, 3, 3, 3, 4, 3, 1, 1, 0, 1, 1, 4, 1, 5, 5, 0, 0, 0, 3, 1, 1, 3, 0, 1, 3, 1, 1, 5, 2, 6, 0, 2, 1, 1, 3, 3, 1, 3, 5, 1, 1, 1, 4, 3, 3, 1, 0, 1, 1, 3, 3, 6, 1, 1, 1, 3, 0, 3, 1, 0, 3, 3, 3, 0, 3, 1, 3, 0, 3, 3, 6, 1, 0, 1, 3, 1, 3, 3, 3, 1, 3, 1, 2, 6, 2, 0, 1, 1, 3, 3, 3, 6, 3]
------ Tiempo empleado: 1.397512435913086 s

REPETICIÓN i=1
	Iteraciones empleadas: 7
	Desviación general:    0.38834642685335197
	Infeasibility:         8
Solución obtenida: [1, 0, 3, 1, 1, 3, 1, 3, 2, 1, 1, 0, 3, 0, 3, 1, 1, 0, 1, 3, 1, 1, 3, 1, 5, 1, 3, 3, 1, 3, 2, 0, 2, 4, 3, 1, 5, 1, 1, 3, 3, 1, 1, 0, 5, 1, 1, 0, 3, 1, 1, 3, 1, 2, 3, 5, 2, 3, 3, 3, 4, 3, 3, 1, 1, 1, 1, 1, 0, 3, 3, 1, 1, 0, 1, 0, 3, 5, 5, 4, 3, 1, 3, 1, 3, 3, 6, 5, 6, 3, 3, 1, 1, 1, 5, 5, 1, 1, 3, 5, 3, 3, 0, 1, 2, 3, 5, 0, 1, 5, 1, 3, 3, 2, 3, 5, 0, 1, 3, 1, 0, 1, 3, 3, 3, 4, 3, 1, 1, 0, 1, 1, 4, 1, 5, 5, 0, 0, 0, 3, 1, 1, 3, 0, 1, 3, 1, 1, 5, 2, 6, 0, 2, 1, 1, 3, 3, 1, 3, 5, 1, 1, 1, 4, 3, 3, 1, 0, 1, 1, 3, 3, 6, 1, 1, 1, 3, 0, 3, 1, 0, 3, 3, 3, 0, 3, 1, 3, 0, 3, 3, 6, 1, 0, 1, 3, 1, 3, 3, 3, 1, 3, 1, 2, 6, 2, 0, 1, 1, 3, 3, 3, 6, 3]
------ Tiempo empleado: 1.395345687866211 s

REPETICIÓN i=2
	Iteraciones empleadas: 7
	Desviación general:    0.38834642685335197
	Infeasibility:         8
Solución obtenida: [1, 0, 3, 1, 1, 3, 1, 3, 2, 1, 1, 0, 3, 0, 3, 1, 1, 0, 1, 3, 1, 1, 3, 1, 5, 1, 3, 3, 1, 3, 2, 0, 2, 4, 3, 1, 5, 1, 1, 3, 3, 1, 1, 0, 5, 1, 1, 0, 3, 1, 1, 3, 1, 2, 3, 5, 2, 3, 3, 3, 4, 3, 3, 1, 1, 1, 1, 1, 0, 3, 3, 1, 1, 0, 1, 0, 3, 5, 5, 4, 3, 1, 3, 1, 3, 3, 6, 5, 6, 3, 3, 1, 1, 1, 5, 5, 1, 1, 3, 5, 3, 3, 0, 1, 2, 3, 5, 0, 1, 5, 1, 3, 3, 2, 3, 5, 0, 1, 3, 1, 0, 1, 3, 3, 3, 4, 3, 1, 1, 0, 1, 1, 4, 1, 5, 5, 0, 0, 0, 3, 1, 1, 3, 0, 1, 3, 1, 1, 5, 2, 6, 0, 2, 1, 1, 3, 3, 1, 3, 5, 1, 1, 1, 4, 3, 3, 1, 0, 1, 1, 3, 3, 6, 1, 1, 1, 3, 0, 3, 1, 0, 3, 3, 3, 0, 3, 1, 3, 0, 3, 3, 6, 1, 0, 1, 3, 1, 3, 3, 3, 1, 3, 1, 2, 6, 2, 0, 1, 1, 3, 3, 3, 6, 3]
------ Tiempo empleado: 1.4037270545959473 s

REPETICIÓN i=3
	Iteraciones empleadas: 7
	Desviación general:    0.38834642685335197
	Infeasibility:         8
Solución obtenida: [1, 0, 3, 1, 1, 3, 1, 3, 2, 1, 1, 0, 3, 0, 3, 1, 1, 0, 1, 3, 1, 1, 3, 1, 5, 1, 3, 3, 1, 3, 2, 0, 2, 4, 3, 1, 5, 1, 1, 3, 3, 1, 1, 0, 5, 1, 1, 0, 3, 1, 1, 3, 1, 2, 3, 5, 2, 3, 3, 3, 4, 3, 3, 1, 1, 1, 1, 1, 0, 3, 3, 1, 1, 0, 1, 0, 3, 5, 5, 4, 3, 1, 3, 1, 3, 3, 6, 5, 6, 3, 3, 1, 1, 1, 5, 5, 1, 1, 3, 5, 3, 3, 0, 1, 2, 3, 5, 0, 1, 5, 1, 3, 3, 2, 3, 5, 0, 1, 3, 1, 0, 1, 3, 3, 3, 4, 3, 1, 1, 0, 1, 1, 4, 1, 5, 5, 0, 0, 0, 3, 1, 1, 3, 0, 1, 3, 1, 1, 5, 2, 6, 0, 2, 1, 1, 3, 3, 1, 3, 5, 1, 1, 1, 4, 3, 3, 1, 0, 1, 1, 3, 3, 6, 1, 1, 1, 3, 0, 3, 1, 0, 3, 3, 3, 0, 3, 1, 3, 0, 3, 3, 6, 1, 0, 1, 3, 1, 3, 3, 3, 1, 3, 1, 2, 6, 2, 0, 1, 1, 3, 3, 3, 6, 3]
------ Tiempo empleado: 1.4122920036315918 s

REPETICIÓN i=4
	Iteraciones empleadas: 7
	Desviación general:    0.38834642685335197
	Infeasibility:         8
Solución obtenida: [1, 0, 3, 1, 1, 3, 1, 3, 2, 1, 1, 0, 3, 0, 3, 1, 1, 0, 1, 3, 1, 1, 3, 1, 5, 1, 3, 3, 1, 3, 2, 0, 2, 4, 3, 1, 5, 1, 1, 3, 3, 1, 1, 0, 5, 1, 1, 0, 3, 1, 1, 3, 1, 2, 3, 5, 2, 3, 3, 3, 4, 3, 3, 1, 1, 1, 1, 1, 0, 3, 3, 1, 1, 0, 1, 0, 3, 5, 5, 4, 3, 1, 3, 1, 3, 3, 6, 5, 6, 3, 3, 1, 1, 1, 5, 5, 1, 1, 3, 5, 3, 3, 0, 1, 2, 3, 5, 0, 1, 5, 1, 3, 3, 2, 3, 5, 0, 1, 3, 1, 0, 1, 3, 3, 3, 4, 3, 1, 1, 0, 1, 1, 4, 1, 5, 5, 0, 0, 0, 3, 1, 1, 3, 0, 1, 3, 1, 1, 5, 2, 6, 0, 2, 1, 1, 3, 3, 1, 3, 5, 1, 1, 1, 4, 3, 3, 1, 0, 1, 1, 3, 3, 6, 1, 1, 1, 3, 0, 3, 1, 0, 3, 3, 3, 0, 3, 1, 3, 0, 3, 3, 6, 1, 0, 1, 3, 1, 3, 3, 3, 1, 3, 1, 2, 6, 2, 0, 1, 1, 3, 3, 3, 6, 3]
------ Tiempo empleado: 1.4043443202972412 s

REPETICIONES FINALIZADAS
------ Tiempo medio empleado: 1.4026443004608153 s

######################################

Set seleccionado:    glass
Porcentaje restrs.:  20
Algoritmo:           Greedy COPKMN
Número repeticiones: 5
Semilla:             1514280522468089

Datos cargados:
	Num. datos:         214
	Num. clusters:      7
	Dimensión:          9
	Num. restricciones: 4096

REPETICIÓN i=0
	Iteraciones empleadas: 6
	Desviación general:    0.3556341686959986
	Infeasibility:         0
Solución obtenida: [5, 4, 1, 5, 5, 1, 5, 1, 4, 5, 5, 3, 1, 4, 1, 5, 5, 4, 5, 1, 5, 5, 1, 5, 0, 5, 1, 1, 5, 1, 4, 4, 4, 6, 1, 5, 0, 5, 5, 1, 1, 5, 5, 4, 0, 5, 5, 4, 1, 5, 5, 1, 5, 4, 1, 0, 3, 1, 1, 1, 3, 1, 1, 5, 5, 5, 5, 5, 3, 1, 1, 5, 5, 4, 5, 3, 1, 0, 0, 2, 1, 5, 1, 5, 1, 1, 3, 0, 6, 1, 1, 5, 5, 5, 0, 0, 5, 5, 1, 0, 1, 1, 4, 5, 4, 1, 0, 3, 5, 0, 5, 1, 1, 4, 1, 6, 4, 5, 1, 5, 4, 5, 1, 1, 1, 6, 1, 5, 5, 4, 5, 5, 6, 5, 0, 6, 4, 4, 4, 1, 5, 5, 1, 4, 5, 1, 5, 5, 0, 4, 6, 3, 4, 5, 5, 1, 1, 5, 1, 0, 5, 5, 5, 2, 1, 1, 5, 4, 5, 5, 1, 1, 0, 5, 5, 5, 1, 4, 1, 5, 4, 1, 1, 1, 3, 1, 5, 1, 4, 1, 1, 0, 5, 3, 5, 1, 5, 1, 1, 1, 5, 1, 5, 4, 3, 4, 3, 5, 5, 1, 1, 1, 6, 1]
------ Tiempo empleado: 1.2252018451690674 s

REPETICIÓN i=1
	Iteraciones empleadas: 6
	Desviación general:    0.3556341686959986
	Infeasibility:         0
Solución obtenida: [5, 4, 1, 5, 5, 1, 5, 1, 4, 5, 5, 3, 1, 4, 1, 5, 5, 4, 5, 1, 5, 5, 1, 5, 0, 5, 1, 1, 5, 1, 4, 4, 4, 6, 1, 5, 0, 5, 5, 1, 1, 5, 5, 4, 0, 5, 5, 4, 1, 5, 5, 1, 5, 4, 1, 0, 3, 1, 1, 1, 3, 1, 1, 5, 5, 5, 5, 5, 3, 1, 1, 5, 5, 4, 5, 3, 1, 0, 0, 2, 1, 5, 1, 5, 1, 1, 3, 0, 6, 1, 1, 5, 5, 5, 0, 0, 5, 5, 1, 0, 1, 1, 4, 5, 4, 1, 0, 3, 5, 0, 5, 1, 1, 4, 1, 6, 4, 5, 1, 5, 4, 5, 1, 1, 1, 6, 1, 5, 5, 4, 5, 5, 6, 5, 0, 6, 4, 4, 4, 1, 5, 5, 1, 4, 5, 1, 5, 5, 0, 4, 6, 3, 4, 5, 5, 1, 1, 5, 1, 0, 5, 5, 5, 2, 1, 1, 5, 4, 5, 5, 1, 1, 0, 5, 5, 5, 1, 4, 1, 5, 4, 1, 1, 1, 3, 1, 5, 1, 4, 1, 1, 0, 5, 3, 5, 1, 5, 1, 1, 1, 5, 1, 5, 4, 3, 4, 3, 5, 5, 1, 1, 1, 6, 1]
------ Tiempo empleado: 1.2310857772827148 s

REPETICIÓN i=2
	Iteraciones empleadas: 6
	Desviación general:    0.3556341686959986
	Infeasibility:         0
Solución obtenida: [5, 4, 1, 5, 5, 1, 5, 1, 4, 5, 5, 3, 1, 4, 1, 5, 5, 4, 5, 1, 5, 5, 1, 5, 0, 5, 1, 1, 5, 1, 4, 4, 4, 6, 1, 5, 0, 5, 5, 1, 1, 5, 5, 4, 0, 5, 5, 4, 1, 5, 5, 1, 5, 4, 1, 0, 3, 1, 1, 1, 3, 1, 1, 5, 5, 5, 5, 5, 3, 1, 1, 5, 5, 4, 5, 3, 1, 0, 0, 2, 1, 5, 1, 5, 1, 1, 3, 0, 6, 1, 1, 5, 5, 5, 0, 0, 5, 5, 1, 0, 1, 1, 4, 5, 4, 1, 0, 3, 5, 0, 5, 1, 1, 4, 1, 6, 4, 5, 1, 5, 4, 5, 1, 1, 1, 6, 1, 5, 5, 4, 5, 5, 6, 5, 0, 6, 4, 4, 4, 1, 5, 5, 1, 4, 5, 1, 5, 5, 0, 4, 6, 3, 4, 5, 5, 1, 1, 5, 1, 0, 5, 5, 5, 2, 1, 1, 5, 4, 5, 5, 1, 1, 0, 5, 5, 5, 1, 4, 1, 5, 4, 1, 1, 1, 3, 1, 5, 1, 4, 1, 1, 0, 5, 3, 5, 1, 5, 1, 1, 1, 5, 1, 5, 4, 3, 4, 3, 5, 5, 1, 1, 1, 6, 1]
------ Tiempo empleado: 1.2237637042999268 s

REPETICIÓN i=3
	Iteraciones empleadas: 6
	Desviación general:    0.3556341686959986
	Infeasibility:         0
Solución obtenida: [5, 4, 1, 5, 5, 1, 5, 1, 4, 5, 5, 3, 1, 4, 1, 5, 5, 4, 5, 1, 5, 5, 1, 5, 0, 5, 1, 1, 5, 1, 4, 4, 4, 6, 1, 5, 0, 5, 5, 1, 1, 5, 5, 4, 0, 5, 5, 4, 1, 5, 5, 1, 5, 4, 1, 0, 3, 1, 1, 1, 3, 1, 1, 5, 5, 5, 5, 5, 3, 1, 1, 5, 5, 4, 5, 3, 1, 0, 0, 2, 1, 5, 1, 5, 1, 1, 3, 0, 6, 1, 1, 5, 5, 5, 0, 0, 5, 5, 1, 0, 1, 1, 4, 5, 4, 1, 0, 3, 5, 0, 5, 1, 1, 4, 1, 6, 4, 5, 1, 5, 4, 5, 1, 1, 1, 6, 1, 5, 5, 4, 5, 5, 6, 5, 0, 6, 4, 4, 4, 1, 5, 5, 1, 4, 5, 1, 5, 5, 0, 4, 6, 3, 4, 5, 5, 1, 1, 5, 1, 0, 5, 5, 5, 2, 1, 1, 5, 4, 5, 5, 1, 1, 0, 5, 5, 5, 1, 4, 1, 5, 4, 1, 1, 1, 3, 1, 5, 1, 4, 1, 1, 0, 5, 3, 5, 1, 5, 1, 1, 1, 5, 1, 5, 4, 3, 4, 3, 5, 5, 1, 1, 1, 6, 1]
------ Tiempo empleado: 1.2267107963562012 s

REPETICIÓN i=4
	Iteraciones empleadas: 6
	Desviación general:    0.3556341686959986
	Infeasibility:         0
Solución obtenida: [5, 4, 1, 5, 5, 1, 5, 1, 4, 5, 5, 3, 1, 4, 1, 5, 5, 4, 5, 1, 5, 5, 1, 5, 0, 5, 1, 1, 5, 1, 4, 4, 4, 6, 1, 5, 0, 5, 5, 1, 1, 5, 5, 4, 0, 5, 5, 4, 1, 5, 5, 1, 5, 4, 1, 0, 3, 1, 1, 1, 3, 1, 1, 5, 5, 5, 5, 5, 3, 1, 1, 5, 5, 4, 5, 3, 1, 0, 0, 2, 1, 5, 1, 5, 1, 1, 3, 0, 6, 1, 1, 5, 5, 5, 0, 0, 5, 5, 1, 0, 1, 1, 4, 5, 4, 1, 0, 3, 5, 0, 5, 1, 1, 4, 1, 6, 4, 5, 1, 5, 4, 5, 1, 1, 1, 6, 1, 5, 5, 4, 5, 5, 6, 5, 0, 6, 4, 4, 4, 1, 5, 5, 1, 4, 5, 1, 5, 5, 0, 4, 6, 3, 4, 5, 5, 1, 1, 5, 1, 0, 5, 5, 5, 2, 1, 1, 5, 4, 5, 5, 1, 1, 0, 5, 5, 5, 1, 4, 1, 5, 4, 1, 1, 1, 3, 1, 5, 1, 4, 1, 1, 0, 5, 3, 5, 1, 5, 1, 1, 1, 5, 1, 5, 4, 3, 4, 3, 5, 5, 1, 1, 1, 6, 1]
------ Tiempo empleado: 1.2298083305358887 s

REPETICIONES FINALIZADAS
------ Tiempo medio empleado: 1.2273140907287599 s

######################################

Set seleccionado:    bupa
Porcentaje restrs.:  10
Algoritmo:           Greedy COPKMN
Número repeticiones: 5
Semilla:             1514280522468089

Datos cargados:
	Num. datos:         345
	Num. clusters:      16
	Dimensión:          5
	Num. restricciones: 5632

REPETICIÓN i=0
	Iteraciones empleadas: 12
	Desviación general:    0.21638946203358692
	Infeasibility:         36
Solución obtenida: [6, 10, 3, 10, 2, 14, 5, 7, 6, 1, 8, 8, 9, 4, 8, 3, 8, 8, 14, 8, 1, 8, 13, 10, 8, 9, 6, 8, 1, 5, 4, 8, 5, 8, 8, 4, 9, 6, 4, 13, 8, 7, 5, 5, 8, 5, 8, 9, 5, 14, 12, 8, 5, 8, 7, 3, 13, 3, 3, 0, 8, 8, 0, 8, 5, 6, 8, 8, 14, 3, 10, 8, 0, 5, 10, 8, 8, 5, 8, 8, 8, 8, 8, 2, 8, 4, 6, 0, 8, 8, 8, 8, 0, 8, 3, 8, 8, 6, 8, 8, 5, 0, 5, 5, 8, 8, 3, 8, 8, 9, 3, 7, 9, 2, 8, 8, 5, 8, 8, 4, 5, 3, 13, 8, 1, 10, 8, 13, 8, 8, 13, 3, 15, 4, 4, 5, 6, 6, 8, 4, 8, 8, 3, 8, 0, 7, 6, 1, 5, 6, 8, 8, 3, 9, 2, 6, 1, 8, 8, 5, 14, 8, 4, 14, 8, 12, 4, 6, 3, 7, 8, 8, 3, 12, 9, 9, 5, 3, 2, 9, 0, 5, 0, 9, 15, 5, 5, 12, 8, 5, 3, 0, 6, 4, 5, 8, 13, 5, 5, 5, 8, 6, 8, 8, 11, 5, 6, 10, 9, 9, 8, 13, 8, 5, 8, 0, 3, 5, 8, 8, 9, 3, 14, 13, 0, 3, 12, 6, 6, 8, 8, 8, 6, 3, 8, 8, 8, 6, 8, 4, 8, 14, 8, 8, 3, 9, 15, 13, 9, 7, 13, 14, 8, 3, 9, 4, 13, 5, 6, 6, 2, 8, 6, 8, 5, 8, 8, 8, 8, 8, 3, 13, 3, 5, 4, 14, 8, 8, 6, 1, 13, 10, 15, 5, 9, 5, 9, 6, 3, 13, 5, 10, 3, 1, 6, 15, 6, 4, 6, 6, 8, 4, 10, 4, 5, 8, 6, 13, 8, 3, 13, 8, 4, 4, 6, 6, 8, 0, 8, 8, 8, 10, 8, 8, 5, 3, 7, 8, 10, 4, 8, 7, 15, 1, 8, 13, 0, 8, 6, 15, 1, 0, 0, 3, 5]
------ Tiempo empleado: 14.40205454826355 s

REPETICIÓN i=1
	Iteraciones empleadas: 12
	Desviación general:    0.21638946203358692
	Infeasibility:         36
Solución obtenida: [6, 10, 3, 10, 2, 14, 5, 7, 6, 1, 8, 8, 9, 4, 8, 3, 8, 8, 14, 8, 1, 8, 13, 10, 8, 9, 6, 8, 1, 5, 4, 8, 5, 8, 8, 4, 9, 6, 4, 13, 8, 7, 5, 5, 8, 5, 8, 9, 5, 14, 12, 8, 5, 8, 7, 3, 13, 3, 3, 0, 8, 8, 0, 8, 5, 6, 8, 8, 14, 3, 10, 8, 0, 5, 10, 8, 8, 5, 8, 8, 8, 8, 8, 2, 8, 4, 6, 0, 8, 8, 8, 8, 0, 8, 3, 8, 8, 6, 8, 8, 5, 0, 5, 5, 8, 8, 3, 8, 8, 9, 3, 7, 9, 2, 8, 8, 5, 8, 8, 4, 5, 3, 13, 8, 1, 10, 8, 13, 8, 8, 13, 3, 15, 4, 4, 5, 6, 6, 8, 4, 8, 8, 3, 8, 0, 7, 6, 1, 5, 6, 8, 8, 3, 9, 2, 6, 1, 8, 8, 5, 14, 8, 4, 14, 8, 12, 4, 6, 3, 7, 8, 8, 3, 12, 9, 9, 5, 3, 2, 9, 0, 5, 0, 9, 15, 5, 5, 12, 8, 5, 3, 0, 6, 4, 5, 8, 13, 5, 5, 5, 8, 6, 8, 8, 11, 5, 6, 10, 9, 9, 8, 13, 8, 5, 8, 0, 3, 5, 8, 8, 9, 3, 14, 13, 0, 3, 12, 6, 6, 8, 8, 8, 6, 3, 8, 8, 8, 6, 8, 4, 8, 14, 8, 8, 3, 9, 15, 13, 9, 7, 13, 14, 8, 3, 9, 4, 13, 5, 6, 6, 2, 8, 6, 8, 5, 8, 8, 8, 8, 8, 3, 13, 3, 5, 4, 14, 8, 8, 6, 1, 13, 10, 15, 5, 9, 5, 9, 6, 3, 13, 5, 10, 3, 1, 6, 15, 6, 4, 6, 6, 8, 4, 10, 4, 5, 8, 6, 13, 8, 3, 13, 8, 4, 4, 6, 6, 8, 0, 8, 8, 8, 10, 8, 8, 5, 3, 7, 8, 10, 4, 8, 7, 15, 1, 8, 13, 0, 8, 6, 15, 1, 0, 0, 3, 5]
------ Tiempo empleado: 14.413291931152344 s

REPETICIÓN i=2
	Iteraciones empleadas: 12
	Desviación general:    0.21638946203358692
	Infeasibility:         36
Solución obtenida: [6, 10, 3, 10, 2, 14, 5, 7, 6, 1, 8, 8, 9, 4, 8, 3, 8, 8, 14, 8, 1, 8, 13, 10, 8, 9, 6, 8, 1, 5, 4, 8, 5, 8, 8, 4, 9, 6, 4, 13, 8, 7, 5, 5, 8, 5, 8, 9, 5, 14, 12, 8, 5, 8, 7, 3, 13, 3, 3, 0, 8, 8, 0, 8, 5, 6, 8, 8, 14, 3, 10, 8, 0, 5, 10, 8, 8, 5, 8, 8, 8, 8, 8, 2, 8, 4, 6, 0, 8, 8, 8, 8, 0, 8, 3, 8, 8, 6, 8, 8, 5, 0, 5, 5, 8, 8, 3, 8, 8, 9, 3, 7, 9, 2, 8, 8, 5, 8, 8, 4, 5, 3, 13, 8, 1, 10, 8, 13, 8, 8, 13, 3, 15, 4, 4, 5, 6, 6, 8, 4, 8, 8, 3, 8, 0, 7, 6, 1, 5, 6, 8, 8, 3, 9, 2, 6, 1, 8, 8, 5, 14, 8, 4, 14, 8, 12, 4, 6, 3, 7, 8, 8, 3, 12, 9, 9, 5, 3, 2, 9, 0, 5, 0, 9, 15, 5, 5, 12, 8, 5, 3, 0, 6, 4, 5, 8, 13, 5, 5, 5, 8, 6, 8, 8, 11, 5, 6, 10, 9, 9, 8, 13, 8, 5, 8, 0, 3, 5, 8, 8, 9, 3, 14, 13, 0, 3, 12, 6, 6, 8, 8, 8, 6, 3, 8, 8, 8, 6, 8, 4, 8, 14, 8, 8, 3, 9, 15, 13, 9, 7, 13, 14, 8, 3, 9, 4, 13, 5, 6, 6, 2, 8, 6, 8, 5, 8, 8, 8, 8, 8, 3, 13, 3, 5, 4, 14, 8, 8, 6, 1, 13, 10, 15, 5, 9, 5, 9, 6, 3, 13, 5, 10, 3, 1, 6, 15, 6, 4, 6, 6, 8, 4, 10, 4, 5, 8, 6, 13, 8, 3, 13, 8, 4, 4, 6, 6, 8, 0, 8, 8, 8, 10, 8, 8, 5, 3, 7, 8, 10, 4, 8, 7, 15, 1, 8, 13, 0, 8, 6, 15, 1, 0, 0, 3, 5]
------ Tiempo empleado: 14.514868974685669 s

REPETICIÓN i=3
	Iteraciones empleadas: 12
	Desviación general:    0.21638946203358692
	Infeasibility:         36
Solución obtenida: [6, 10, 3, 10, 2, 14, 5, 7, 6, 1, 8, 8, 9, 4, 8, 3, 8, 8, 14, 8, 1, 8, 13, 10, 8, 9, 6, 8, 1, 5, 4, 8, 5, 8, 8, 4, 9, 6, 4, 13, 8, 7, 5, 5, 8, 5, 8, 9, 5, 14, 12, 8, 5, 8, 7, 3, 13, 3, 3, 0, 8, 8, 0, 8, 5, 6, 8, 8, 14, 3, 10, 8, 0, 5, 10, 8, 8, 5, 8, 8, 8, 8, 8, 2, 8, 4, 6, 0, 8, 8, 8, 8, 0, 8, 3, 8, 8, 6, 8, 8, 5, 0, 5, 5, 8, 8, 3, 8, 8, 9, 3, 7, 9, 2, 8, 8, 5, 8, 8, 4, 5, 3, 13, 8, 1, 10, 8, 13, 8, 8, 13, 3, 15, 4, 4, 5, 6, 6, 8, 4, 8, 8, 3, 8, 0, 7, 6, 1, 5, 6, 8, 8, 3, 9, 2, 6, 1, 8, 8, 5, 14, 8, 4, 14, 8, 12, 4, 6, 3, 7, 8, 8, 3, 12, 9, 9, 5, 3, 2, 9, 0, 5, 0, 9, 15, 5, 5, 12, 8, 5, 3, 0, 6, 4, 5, 8, 13, 5, 5, 5, 8, 6, 8, 8, 11, 5, 6, 10, 9, 9, 8, 13, 8, 5, 8, 0, 3, 5, 8, 8, 9, 3, 14, 13, 0, 3, 12, 6, 6, 8, 8, 8, 6, 3, 8, 8, 8, 6, 8, 4, 8, 14, 8, 8, 3, 9, 15, 13, 9, 7, 13, 14, 8, 3, 9, 4, 13, 5, 6, 6, 2, 8, 6, 8, 5, 8, 8, 8, 8, 8, 3, 13, 3, 5, 4, 14, 8, 8, 6, 1, 13, 10, 15, 5, 9, 5, 9, 6, 3, 13, 5, 10, 3, 1, 6, 15, 6, 4, 6, 6, 8, 4, 10, 4, 5, 8, 6, 13, 8, 3, 13, 8, 4, 4, 6, 6, 8, 0, 8, 8, 8, 10, 8, 8, 5, 3, 7, 8, 10, 4, 8, 7, 15, 1, 8, 13, 0, 8, 6, 15, 1, 0, 0, 3, 5]
------ Tiempo empleado: 15.121041059494019 s

REPETICIÓN i=4
	Iteraciones empleadas: 12
	Desviación general:    0.21638946203358692
	Infeasibility:         36
Solución obtenida: [6, 10, 3, 10, 2, 14, 5, 7, 6, 1, 8, 8, 9, 4, 8, 3, 8, 8, 14, 8, 1, 8, 13, 10, 8, 9, 6, 8, 1, 5, 4, 8, 5, 8, 8, 4, 9, 6, 4, 13, 8, 7, 5, 5, 8, 5, 8, 9, 5, 14, 12, 8, 5, 8, 7, 3, 13, 3, 3, 0, 8, 8, 0, 8, 5, 6, 8, 8, 14, 3, 10, 8, 0, 5, 10, 8, 8, 5, 8, 8, 8, 8, 8, 2, 8, 4, 6, 0, 8, 8, 8, 8, 0, 8, 3, 8, 8, 6, 8, 8, 5, 0, 5, 5, 8, 8, 3, 8, 8, 9, 3, 7, 9, 2, 8, 8, 5, 8, 8, 4, 5, 3, 13, 8, 1, 10, 8, 13, 8, 8, 13, 3, 15, 4, 4, 5, 6, 6, 8, 4, 8, 8, 3, 8, 0, 7, 6, 1, 5, 6, 8, 8, 3, 9, 2, 6, 1, 8, 8, 5, 14, 8, 4, 14, 8, 12, 4, 6, 3, 7, 8, 8, 3, 12, 9, 9, 5, 3, 2, 9, 0, 5, 0, 9, 15, 5, 5, 12, 8, 5, 3, 0, 6, 4, 5, 8, 13, 5, 5, 5, 8, 6, 8, 8, 11, 5, 6, 10, 9, 9, 8, 13, 8, 5, 8, 0, 3, 5, 8, 8, 9, 3, 14, 13, 0, 3, 12, 6, 6, 8, 8, 8, 6, 3, 8, 8, 8, 6, 8, 4, 8, 14, 8, 8, 3, 9, 15, 13, 9, 7, 13, 14, 8, 3, 9, 4, 13, 5, 6, 6, 2, 8, 6, 8, 5, 8, 8, 8, 8, 8, 3, 13, 3, 5, 4, 14, 8, 8, 6, 1, 13, 10, 15, 5, 9, 5, 9, 6, 3, 13, 5, 10, 3, 1, 6, 15, 6, 4, 6, 6, 8, 4, 10, 4, 5, 8, 6, 13, 8, 3, 13, 8, 4, 4, 6, 6, 8, 0, 8, 8, 8, 10, 8, 8, 5, 3, 7, 8, 10, 4, 8, 7, 15, 1, 8, 13, 0, 8, 6, 15, 1, 0, 0, 3, 5]
------ Tiempo empleado: 15.174566984176636 s

REPETICIONES FINALIZADAS
------ Tiempo medio empleado: 14.725164699554444 s

######################################

Set seleccionado:    bupa
Porcentaje restrs.:  20
Algoritmo:           Greedy COPKMN
Número repeticiones: 5
Semilla:             1514280522468089

Datos cargados:
	Num. datos:         345
	Num. clusters:      16
	Dimensión:          5
	Num. restricciones: 10824

REPETICIÓN i=0
	Iteraciones empleadas: 7
	Desviación general:    0.23913023387363785
	Infeasibility:         1
Solución obtenida: [12, 5, 6, 5, 13, 13, 14, 2, 12, 9, 3, 3, 15, 6, 3, 6, 3, 3, 15, 3, 4, 3, 8, 5, 3, 15, 12, 3, 2, 14, 6, 3, 14, 3, 3, 6, 15, 12, 6, 8, 3, 5, 14, 14, 3, 14, 3, 15, 14, 10, 2, 3, 14, 3, 12, 6, 8, 6, 6, 1, 3, 3, 1, 3, 14, 12, 3, 3, 13, 6, 5, 3, 1, 14, 5, 3, 3, 14, 3, 3, 3, 3, 3, 10, 3, 6, 12, 1, 3, 3, 3, 3, 1, 3, 11, 3, 3, 12, 3, 3, 14, 1, 14, 14, 3, 3, 6, 3, 3, 15, 6, 7, 5, 0, 3, 3, 14, 3, 3, 6, 14, 6, 8, 3, 0, 1, 3, 8, 3, 3, 8, 6, 5, 6, 6, 14, 12, 12, 3, 6, 3, 3, 6, 3, 1, 2, 12, 0, 14, 12, 3, 3, 6, 5, 13, 12, 10, 3, 3, 14, 4, 3, 6, 10, 3, 15, 6, 12, 6, 7, 3, 3, 6, 12, 15, 15, 14, 6, 10, 5, 8, 14, 1, 15, 11, 14, 14, 5, 3, 14, 6, 1, 12, 6, 14, 3, 8, 14, 14, 14, 3, 12, 3, 3, 4, 14, 12, 8, 15, 15, 3, 8, 3, 14, 3, 1, 6, 14, 3, 3, 15, 6, 5, 8, 1, 6, 1, 12, 12, 3, 3, 3, 12, 6, 3, 3, 3, 12, 3, 6, 3, 4, 3, 3, 6, 15, 11, 8, 15, 5, 8, 4, 3, 6, 15, 6, 8, 14, 12, 12, 0, 3, 12, 3, 14, 3, 3, 3, 3, 3, 6, 8, 6, 14, 6, 5, 3, 3, 12, 4, 8, 5, 0, 14, 15, 14, 5, 12, 6, 8, 14, 5, 6, 5, 12, 1, 12, 6, 12, 12, 3, 6, 7, 6, 14, 3, 12, 8, 3, 6, 8, 3, 6, 6, 12, 12, 3, 1, 3, 3, 3, 5, 3, 3, 14, 6, 4, 3, 5, 6, 3, 7, 4, 4, 3, 8, 8, 3, 12, 5, 9, 1, 1, 6, 14]
------ Tiempo empleado: 9.05294942855835 s

REPETICIÓN i=1
	Iteraciones empleadas: 7
	Desviación general:    0.23913023387363785
	Infeasibility:         1
Solución obtenida: [12, 5, 6, 5, 13, 13, 14, 2, 12, 9, 3, 3, 15, 6, 3, 6, 3, 3, 15, 3, 4, 3, 8, 5, 3, 15, 12, 3, 2, 14, 6, 3, 14, 3, 3, 6, 15, 12, 6, 8, 3, 5, 14, 14, 3, 14, 3, 15, 14, 10, 2, 3, 14, 3, 12, 6, 8, 6, 6, 1, 3, 3, 1, 3, 14, 12, 3, 3, 13, 6, 5, 3, 1, 14, 5, 3, 3, 14, 3, 3, 3, 3, 3, 10, 3, 6, 12, 1, 3, 3, 3, 3, 1, 3, 11, 3, 3, 12, 3, 3, 14, 1, 14, 14, 3, 3, 6, 3, 3, 15, 6, 7, 5, 0, 3, 3, 14, 3, 3, 6, 14, 6, 8, 3, 0, 1, 3, 8, 3, 3, 8, 6, 5, 6, 6, 14, 12, 12, 3, 6, 3, 3, 6, 3, 1, 2, 12, 0, 14, 12, 3, 3, 6, 5, 13, 12, 10, 3, 3, 14, 4, 3, 6, 10, 3, 15, 6, 12, 6, 7, 3, 3, 6, 12, 15, 15, 14, 6, 10, 5, 8, 14, 1, 15, 11, 14, 14, 5, 3, 14, 6, 1, 12, 6, 14, 3, 8, 14, 14, 14, 3, 12, 3, 3, 4, 14, 12, 8, 15, 15, 3, 8, 3, 14, 3, 1, 6, 14, 3, 3, 15, 6, 5, 8, 1, 6, 1, 12, 12, 3, 3, 3, 12, 6, 3, 3, 3, 12, 3, 6, 3, 4, 3, 3, 6, 15, 11, 8, 15, 5, 8, 4, 3, 6, 15, 6, 8, 14, 12, 12, 0, 3, 12, 3, 14, 3, 3, 3, 3, 3, 6, 8, 6, 14, 6, 5, 3, 3, 12, 4, 8, 5, 0, 14, 15, 14, 5, 12, 6, 8, 14, 5, 6, 5, 12, 1, 12, 6, 12, 12, 3, 6, 7, 6, 14, 3, 12, 8, 3, 6, 8, 3, 6, 6, 12, 12, 3, 1, 3, 3, 3, 5, 3, 3, 14, 6, 4, 3, 5, 6, 3, 7, 4, 4, 3, 8, 8, 3, 12, 5, 9, 1, 1, 6, 14]
------ Tiempo empleado: 9.05071210861206 s

REPETICIÓN i=2
	Iteraciones empleadas: 7
	Desviación general:    0.23913023387363785
	Infeasibility:         1
Solución obtenida: [12, 5, 6, 5, 13, 13, 14, 2, 12, 9, 3, 3, 15, 6, 3, 6, 3, 3, 15, 3, 4, 3, 8, 5, 3, 15, 12, 3, 2, 14, 6, 3, 14, 3, 3, 6, 15, 12, 6, 8, 3, 5, 14, 14, 3, 14, 3, 15, 14, 10, 2, 3, 14, 3, 12, 6, 8, 6, 6, 1, 3, 3, 1, 3, 14, 12, 3, 3, 13, 6, 5, 3, 1, 14, 5, 3, 3, 14, 3, 3, 3, 3, 3, 10, 3, 6, 12, 1, 3, 3, 3, 3, 1, 3, 11, 3, 3, 12, 3, 3, 14, 1, 14, 14, 3, 3, 6, 3, 3, 15, 6, 7, 5, 0, 3, 3, 14, 3, 3, 6, 14, 6, 8, 3, 0, 1, 3, 8, 3, 3, 8, 6, 5, 6, 6, 14, 12, 12, 3, 6, 3, 3, 6, 3, 1, 2, 12, 0, 14, 12, 3, 3, 6, 5, 13, 12, 10, 3, 3, 14, 4, 3, 6, 10, 3, 15, 6, 12, 6, 7, 3, 3, 6, 12, 15, 15, 14, 6, 10, 5, 8, 14, 1, 15, 11, 14, 14, 5, 3, 14, 6, 1, 12, 6, 14, 3, 8, 14, 14, 14, 3, 12, 3, 3, 4, 14, 12, 8, 15, 15, 3, 8, 3, 14, 3, 1, 6, 14, 3, 3, 15, 6, 5, 8, 1, 6, 1, 12, 12, 3, 3, 3, 12, 6, 3, 3, 3, 12, 3, 6, 3, 4, 3, 3, 6, 15, 11, 8, 15, 5, 8, 4, 3, 6, 15, 6, 8, 14, 12, 12, 0, 3, 12, 3, 14, 3, 3, 3, 3, 3, 6, 8, 6, 14, 6, 5, 3, 3, 12, 4, 8, 5, 0, 14, 15, 14, 5, 12, 6, 8, 14, 5, 6, 5, 12, 1, 12, 6, 12, 12, 3, 6, 7, 6, 14, 3, 12, 8, 3, 6, 8, 3, 6, 6, 12, 12, 3, 1, 3, 3, 3, 5, 3, 3, 14, 6, 4, 3, 5, 6, 3, 7, 4, 4, 3, 8, 8, 3, 12, 5, 9, 1, 1, 6, 14]
------ Tiempo empleado: 9.177123785018921 s

REPETICIÓN i=3
	Iteraciones empleadas: 7
	Desviación general:    0.23913023387363785
	Infeasibility:         1
Solución obtenida: [12, 5, 6, 5, 13, 13, 14, 2, 12, 9, 3, 3, 15, 6, 3, 6, 3, 3, 15, 3, 4, 3, 8, 5, 3, 15, 12, 3, 2, 14, 6, 3, 14, 3, 3, 6, 15, 12, 6, 8, 3, 5, 14, 14, 3, 14, 3, 15, 14, 10, 2, 3, 14, 3, 12, 6, 8, 6, 6, 1, 3, 3, 1, 3, 14, 12, 3, 3, 13, 6, 5, 3, 1, 14, 5, 3, 3, 14, 3, 3, 3, 3, 3, 10, 3, 6, 12, 1, 3, 3, 3, 3, 1, 3, 11, 3, 3, 12, 3, 3, 14, 1, 14, 14, 3, 3, 6, 3, 3, 15, 6, 7, 5, 0, 3, 3, 14, 3, 3, 6, 14, 6, 8, 3, 0, 1, 3, 8, 3, 3, 8, 6, 5, 6, 6, 14, 12, 12, 3, 6, 3, 3, 6, 3, 1, 2, 12, 0, 14, 12, 3, 3, 6, 5, 13, 12, 10, 3, 3, 14, 4, 3, 6, 10, 3, 15, 6, 12, 6, 7, 3, 3, 6, 12, 15, 15, 14, 6, 10, 5, 8, 14, 1, 15, 11, 14, 14, 5, 3, 14, 6, 1, 12, 6, 14, 3, 8, 14, 14, 14, 3, 12, 3, 3, 4, 14, 12, 8, 15, 15, 3, 8, 3, 14, 3, 1, 6, 14, 3, 3, 15, 6, 5, 8, 1, 6, 1, 12, 12, 3, 3, 3, 12, 6, 3, 3, 3, 12, 3, 6, 3, 4, 3, 3, 6, 15, 11, 8, 15, 5, 8, 4, 3, 6, 15, 6, 8, 14, 12, 12, 0, 3, 12, 3, 14, 3, 3, 3, 3, 3, 6, 8, 6, 14, 6, 5, 3, 3, 12, 4, 8, 5, 0, 14, 15, 14, 5, 12, 6, 8, 14, 5, 6, 5, 12, 1, 12, 6, 12, 12, 3, 6, 7, 6, 14, 3, 12, 8, 3, 6, 8, 3, 6, 6, 12, 12, 3, 1, 3, 3, 3, 5, 3, 3, 14, 6, 4, 3, 5, 6, 3, 7, 4, 4, 3, 8, 8, 3, 12, 5, 9, 1, 1, 6, 14]
------ Tiempo empleado: 9.220114946365356 s

REPETICIÓN i=4
	Iteraciones empleadas: 7
	Desviación general:    0.23913023387363785
	Infeasibility:         1
Solución obtenida: [12, 5, 6, 5, 13, 13, 14, 2, 12, 9, 3, 3, 15, 6, 3, 6, 3, 3, 15, 3, 4, 3, 8, 5, 3, 15, 12, 3, 2, 14, 6, 3, 14, 3, 3, 6, 15, 12, 6, 8, 3, 5, 14, 14, 3, 14, 3, 15, 14, 10, 2, 3, 14, 3, 12, 6, 8, 6, 6, 1, 3, 3, 1, 3, 14, 12, 3, 3, 13, 6, 5, 3, 1, 14, 5, 3, 3, 14, 3, 3, 3, 3, 3, 10, 3, 6, 12, 1, 3, 3, 3, 3, 1, 3, 11, 3, 3, 12, 3, 3, 14, 1, 14, 14, 3, 3, 6, 3, 3, 15, 6, 7, 5, 0, 3, 3, 14, 3, 3, 6, 14, 6, 8, 3, 0, 1, 3, 8, 3, 3, 8, 6, 5, 6, 6, 14, 12, 12, 3, 6, 3, 3, 6, 3, 1, 2, 12, 0, 14, 12, 3, 3, 6, 5, 13, 12, 10, 3, 3, 14, 4, 3, 6, 10, 3, 15, 6, 12, 6, 7, 3, 3, 6, 12, 15, 15, 14, 6, 10, 5, 8, 14, 1, 15, 11, 14, 14, 5, 3, 14, 6, 1, 12, 6, 14, 3, 8, 14, 14, 14, 3, 12, 3, 3, 4, 14, 12, 8, 15, 15, 3, 8, 3, 14, 3, 1, 6, 14, 3, 3, 15, 6, 5, 8, 1, 6, 1, 12, 12, 3, 3, 3, 12, 6, 3, 3, 3, 12, 3, 6, 3, 4, 3, 3, 6, 15, 11, 8, 15, 5, 8, 4, 3, 6, 15, 6, 8, 14, 12, 12, 0, 3, 12, 3, 14, 3, 3, 3, 3, 3, 6, 8, 6, 14, 6, 5, 3, 3, 12, 4, 8, 5, 0, 14, 15, 14, 5, 12, 6, 8, 14, 5, 6, 5, 12, 1, 12, 6, 12, 12, 3, 6, 7, 6, 14, 3, 12, 8, 3, 6, 8, 3, 6, 6, 12, 12, 3, 1, 3, 3, 3, 5, 3, 3, 14, 6, 4, 3, 5, 6, 3, 7, 4, 4, 3, 8, 8, 3, 12, 5, 9, 1, 1, 6, 14]
------ Tiempo empleado: 9.20242714881897 s

REPETICIONES FINALIZADAS
------ Tiempo medio empleado: 9.14066548347473 s
